    9.961422  -17.502561
  -10.510923   -0.161029
    9.668264   18.322712
   10.031992   10.009843
    9.372628   10.069070
   -9.546180   12.237233
   11.316072  -22.674600
   10.376894  -12.951758
   10.545891  -14.116827
   10.323255   -6.236164
    9.764827    1.236536
  -10.338386   14.707306
  -10.498487    2.836112
  -10.191590    8.910097
  -10.308827   12.399048
   10.317516   -3.589021
  -10.479159   -1.617685
  -10.202669    3.118519
   -9.667049   -2.593033
   -9.842820   -2.767202
  -10.084723   -2.881780
   -9.957104   -5.550354
   10.044220  -28.076619
  -10.172972  -15.553499
   -9.363662    9.362685
    9.469207   10.765895
  -10.185434   -4.346246
   -9.645834   -8.053263
   -8.787831    7.166577
  -10.284328   -9.045566
   10.045826  -20.544785
   10.430663    7.582281
   10.007668    3.126145
   -9.711405   -4.818983
    9.863495    3.735032
    9.778149   -7.707288
   -9.044296    6.897619
   10.116267   -0.160148
   -9.823647   -9.860138
  -10.378854    0.952356
   -9.515484    6.944943
   10.490890    3.726660
    9.482820  -14.063599
    9.884411  -14.409566
   -9.737272   -6.653811
    9.603030   -4.130489
    9.243021  -16.668553
   10.051392    0.485890
  -10.092849  -13.034778
    9.493577    8.159963
   -9.748658    2.928293
    9.666800   -4.066629
   10.478910  -17.491979
  -10.482296   19.726570
  -11.437336   -1.188757
    8.798661    4.130185
  -10.996430    3.024685
   10.451285    0.765089
    9.177555   -5.921679
  -10.241052   -2.239370
   -9.250097    7.406836
   -9.542644    6.424343
  -10.039731    5.862470
   -9.576301    2.609560
  -10.188707   10.643975
    9.618111   28.136295
   10.323924  -26.287839
  -10.525426   -4.758024
  -10.019085    4.322673
  -10.087841    3.935679
    9.959263   15.646585
   10.089050   15.688396
    9.956021   18.215028
   -9.949109    6.783136
  -10.470493    1.923610
   -9.902359    6.058736
   10.375596   -9.014346
   -9.852709    5.644773
   10.251414    8.778109
  -10.217330   10.101154
   -9.428932   -8.038897
   10.011118    2.265620
  -10.178741   -4.059926
   -9.149750    4.756189
   10.144066  -11.276336
   10.664359  -15.394353
    9.364105   15.444347
    8.941485   -6.325531
    9.533360   -6.847505
   -9.814778   -5.646386
   10.236709   -4.011138
   10.666123   23.234189
   10.445708   -3.453730
  -10.642885    5.628091
   10.006541    6.818805
   10.317130   14.570150
  -10.010769  -18.759804
   -9.954721   13.541230
  -10.590206   10.676503
   10.210381    2.506857
   10.025497   19.067093
    9.799793   14.983454
  -10.352042  -13.982140
   -9.886552    3.384884
   -9.474296    1.018322
  -10.129028   15.522150
    9.746790  -15.068309
   -9.631949   -9.004494
   -9.771528   -8.173720
   -9.933808   -7.216483
   10.181625    5.772152
   10.286752   15.343171
    9.296643    7.968455
   -9.886417  -19.140280
  -10.704039  -23.439354
    9.777352  -11.309397
   -8.956333   13.817778
    9.733452   10.881609
   -9.668270    2.926743
   -9.895394    0.978975
   -9.401618    7.083001
   10.007941   -3.128501
    9.362153   -5.634982
   -9.601225   -4.671741
  -10.268643   -9.533355
    9.701097  -19.567918
   -9.525554    8.945484
    9.734388    5.255244
   -9.817471   -4.124336
   10.168829   -2.231868
    9.350768   -5.981981
    9.888727   10.943899
    9.906612   -4.116970
  -10.052042   -2.095078
   10.065991   18.105955
   -9.311131   -4.099523
    9.883206   -6.788888
  -10.158206   -6.415547
   10.193087   20.935108
    9.654127   12.577530
    9.624314   -1.155950
    9.512410   -2.283495
    9.964017  -26.817618
   -9.442937   -3.886360
  -10.523361   -4.349605
  -10.022231  -10.062391
  -10.394237    8.384791
  -10.353071   -1.440190
    9.171440    4.088867
   10.281098  -10.005720
   10.308807   -3.699448
   10.003162   -6.391690
   -9.538950  -13.848696
    9.992640   -9.935676
  -10.259925  -10.104430
    9.807643    1.573723
   10.337891  -11.393668
  -10.048993    4.486719
  -10.288353   -4.563275
  -10.276771    8.896112
  -10.658455    5.734501
    9.451201  -10.101638
  -10.138852   17.862496
   10.330417   -0.355432
  -10.211866   -7.641512
   10.128248   11.482387
    9.596025   -7.609641
  -10.513130   -5.990587
   -9.074686   10.486207
    9.301329    5.234943
    9.421640    6.359620
   10.251785    8.778091
   10.082923  -24.872709
  -10.006372    2.676616
   -9.952385   -0.175814
  -10.463122   12.789496
   -9.694663   -7.068131
  -11.014976  -15.967756
    9.440316    9.007571
  -10.136500  -11.356498
    9.883409   16.942972
   10.842389  -13.466808
   10.503428   -6.744826
   10.870246    2.591303
    9.978732    5.690889
   -9.901496  -10.006377
    9.727125  -15.258929
    9.493943   -6.831075
  -10.283823    6.019856
  -10.866719  -17.628908
  -10.751354   10.714343
   10.736819   10.557892
    9.540320   -5.156574
  -10.129765   -0.263123
  -10.734253   -1.655154
   10.111582    9.142056
    9.982223   21.203264
  -10.843319   11.139228
    9.890386    5.070686
  -11.061203   10.337786
    9.138630   -0.273175
  -10.350454   -9.442297
   10.765802    7.003054
   10.381711    0.487406
   10.326192    2.820611
   10.139132  -13.998687
   -8.583681    4.509534
    9.465977   20.630818
   -9.178251   14.486478
   10.023420   -0.312032
   10.635613    4.602414
    9.881091    5.596556
    9.461330   10.467997
  -10.509295    3.977330
   10.110928  -10.735240
   10.614700   10.644460
  -10.410357   13.436677
   -9.392187    8.206034
   10.491842   -8.726800
   -9.544630    7.279767
   11.086214    3.111864
  -10.492670   14.458451
   -9.889526   -8.884274
   10.536180   -5.662431
   -9.335598    6.703341
  -10.109915   -0.819316
   11.443713   16.237966
   10.116283    8.786823
    9.928163   -4.577035
  -11.009493    2.538416
    9.810277  -11.082741
    9.674622  -17.320849
   -9.846995  -14.829060
  -10.499395   15.924443
    9.355591    2.591852
   -9.152129  -15.246016
    9.583824   -1.038615
   10.875232   15.893360
   -9.837871   -8.001875
   -9.725095  -17.717846
    9.179184    9.786054
  -10.571841    9.525692
  -10.175141   11.936691
  -10.235473   -3.995945
    9.806040   -4.115058
    9.396142    0.063943
   -9.357989    6.957144
   -9.451839   11.347157
   -9.650034   -1.850795
   10.034790    2.231435
    9.171970   -1.849918
   11.516719   14.417019
   -9.719382    9.784640
  -10.315894    4.250521
    9.463630    6.972229
  -10.527926  -12.511584
   -9.363845   -9.366879
  -10.102824   -3.940627
   10.784078   14.378620
   10.662372    4.659244
  -10.277221    1.074746
  -10.399904   10.351608
  -10.415726    3.400051
   -9.576460   -5.320478
    9.776134   -4.241920
   -9.720240    2.133992
   -9.633173  -11.904027
    8.993103    3.109400
    9.364571   -4.957568
    9.990614  -13.697315
    8.632697   -6.959053
  -11.012430    9.235206
   10.506735    3.321413
  -10.499447   -3.157856
   -9.798186   -0.489587
    9.700652   10.986565
  -10.113904    5.537304
  -10.485919  -18.788707
  -10.893450   17.727262
   -9.807863    6.717979
   -9.727046   -6.295096
    9.454284   18.006819
   -9.638270   -1.452075
   10.444590    1.289973
   -9.408021  -12.635760
  -10.423483   -2.797018
   -8.836353   -7.951833
    9.511593   13.588546
   10.182601   -7.473651
    9.991878  -10.862744
   -9.959278  -12.346698
   -9.559601    6.322679
  -10.133946   15.848209
   10.443635   13.987281
    9.721872   -8.192402
    9.825250    5.199490
   -9.374110   -7.824266
   -9.426818   19.945596
   -9.569494   -7.857608
   10.130884    8.202623
  -10.139433  -12.213349
  -10.634293   -1.709943
  -10.760946    0.542637
    9.159825    2.971214
    9.521872   -4.278810
   10.730975  -19.377999
   11.062752    6.140266
    9.230499    2.205826
   10.892082    1.897382
   10.869895    6.556114
  -10.344166   -5.605519
  -10.863525   -0.469503
   -9.631869   12.270455
  -10.685558  -12.269601
   -9.614100   -9.384123
  -11.441354  -19.080374
    9.305842   -5.367627
    8.625977   11.786502
   -9.659263   -3.633920
  -10.613127  -10.401125
   10.418929  -11.048064
   10.196608    8.837070
   -9.720445  -10.255842
  -10.063461   14.476214
   10.412299    3.299845
    9.045315   -5.682981
   -9.598089    9.216483
   -9.747523   -3.535655
   10.498903   -1.520956
   -9.864834    0.980274
  -10.443359   21.190616
    9.446843   -0.815858
   10.124963   -3.782238
   -9.989690   -3.541415
   10.012980    2.434934
   10.761125    9.055275
    9.757070    6.516867
   -9.955915  -13.562159
   -9.741785    7.629632
  -10.565496    4.996280
   10.348302    1.785859
    9.310196  -19.699120
   -9.652523   -1.221395
    8.975540    0.531912
    9.907047    1.413245
    9.940487   -5.531933
  -10.374579   -5.629257
   10.275155   -9.301878
   -9.577316    1.617633
   10.652174   11.275788
    9.934918    2.580333
  -10.456525   -3.610337
   10.424446  -13.800632
   -9.341178   10.965959
   -9.937317   12.860588
  -10.374014    6.960144
    9.674424   -0.548496
    9.903007   13.395792
   -9.769795   -6.549754
  -10.025899    2.441146
   10.161579    5.000042
   10.296074   -6.604491
    9.290954    0.502676
    9.869132   10.718026
  -10.094771   -5.031033
   10.215269    8.973273
   -9.984909   13.641001
  -11.212200  -14.176600
   10.038219   -2.712705
   -9.186870    0.488920
  -10.779083    9.530033
   -9.849949   -6.451530
   10.096889   -7.486752
   10.215339   -6.794680
   10.370145   -7.138604
   -9.942560    9.541658
   -9.769987    0.751952
    9.487133   10.009520
    9.772690    9.830753
    9.448650   -3.570787
  -10.144152   11.661083
  -10.242183   29.651415
    9.604598    8.590331
  -10.267815   15.436554
  -10.279915   11.913362
   10.069762  -16.750119
   -9.925787    3.848404
   10.688066    5.412991
   10.117481   -6.312250
   -9.555542    9.018787
   10.240023  -11.969786
  -10.263755    2.316726
    9.386812   10.709941
    9.826467   -7.321287
  -10.658820  -35.383928
   10.371849   22.775684
    9.843254    5.170513
   10.032894    0.827040
  -10.168720   -9.927121
  -10.171234    0.883475
