-2.81062 6.26359 9
-3.63996 7.10275 9
4.34156 -1.5839 8.99909
0.43239 0.621685 1.00148
-1.42604 -0.518211 1
5.2303 0.463232 8.99945
12.452 7.49553 1
-0.655859 1.77628 1.2269
9.89805 0.713454 8.99894
13.0515 7.30115 1
9.27712 -4.33186 9
0.882148 11.8402 8.99755
-1.59316 14.6151 9
3.30989 3.39828 1.23
9.10638 0.18936 8.99992
14.9463 12.6036 1
11.1629 13.306 1
3.21856 -0.960707 8.77177
2.64848 -2.14027 6.41724
7.13804 14.7576 1
13.8353 8.88091 1
-1.05191 7.94236 9
-2.40632 9.44626 9
9.43022 3.1586 1.2865
10.9705 7.78318 1
-0.131031 0.203586 1.00019
2.77377 12.6319 2.62244
8.16396 3.41595 1.0813
-2.77015 -0.697517 1
-1.39741 14.2102 9
10.7298 -0.128217 8.99998
-2.68028 7.62182 9
7.10631 12.2785 1
14.8731 -4.09837 9
-4.99446 9.44867 9
4.64978 14.15 1.00017
2.03896 12.7074 8.27446
14.2945 -4.54241 9
3.54053 -2.74264 8.95605
4.15268 0.85892 8.9944
4.93807 5.91025 1.00006
7.51619 2.12142 7.95099
1.91383 4.74151 8.56425
-0.296433 14.6544 8.99999
12.9107 -2.63428 9
6.75164 -1.14162 9
2.06434 1.59812 1.89493
0.818144 6.47414 8.99797
-2.52082 6.68496 9
2.04635 13.8291 8.24969
11.7735 2.36995 6.25655
3.86276 9.99577 1.00878
-0.75226 11.5056 9
8.76026 14.339 1
12.9427 2.67733 3.33438
2.31994 -1.96182 3.31678
-2.54809 13.4847 9
-0.26741 1.43772 1.04735
-1.21994 -1.59903 1
-1.39035 -2.64875 1
12.0146 9.9251 1
8.2341 9.63252 1
-1.08829 -1.56175 1
12.7572 7.82542 1
-4.92549 14.288 9
13.3987 0.299431 8.99987
1.64822 1.45322 1.1597
11.7161 9.8668 1
-3.6685 -0.287019 1.00001
8.88709 -4.29231 9
0.068365 11.6408 8.99996
-2.6187 7.32534 9
-1.70103 5.86665 9
14.5462 13.5213 1
1.19258 12.3111 8.98843
11.3826 8.2991 1
11.6654 11.8726 1
2.09778 8.01003 8.05521
-2.82828 8.39538 9
7.43516 5.17394 1.00001
-4.9758 -1.42735 1
-1.70289 -1.64041 1
5.14965 2.59763 4.06323
0.457938 -0.66137 1.00046
14.1457 12.3548 1
8.8102 6.3641 1
-4.02059 2.72694 7.05361
5.80312 8.59809 1
6.26979 1.91532 8.5784
-0.668384 5.13446 8.99997
9.93276 7.44165 1
13.8851 5.05004 1.00002
5.27249 4.13157 1.00343
-2.74391 -3.04111 1
10.818 -2.58469 9
3.69452 1.37763 8.9463
5.4234 11.2706 1
14.3961 -0.486526 9
13.041 -1.84226 9
2.43429 -3.33789 4.34881
