   -4.389340   -4.847089   -4.485997   -5.495103   -4.472856    5.500104
           ?    0.828324    5.583501    8.385360    5.765490   -1.996663
    4.619988   -5.361080           ?    0.602677    5.379243   -1.657875
    5.874281   -5.304293    4.712713    6.602779    4.849657   -0.232667
   -5.399527           ?    4.504885   -4.290740           ?   -2.399775
    5.769397   -1.877631    5.807051   -1.051276    4.940938           ?
           ?   -5.458801   -1.228452   -6.222750   -4.699097   -3.581256
           ?    7.319624    4.392512    8.303658    5.521415    3.308032
    5.188223    3.954139    5.029345   -4.492818    4.941294    7.072973
    5.024129           ?    5.334286    7.722880    4.602096   -2.955695
           ?   -5.953409    5.352447   -5.208136   -5.116930    3.474710
    2.991016   -4.639232   -3.899354   -4.223529   -4.894547    7.861480
   -6.560055   -4.479885   -0.857080   -4.541960           ?    0.688244
   -6.442921   -4.674796   -4.076239   -4.238569   -5.220288    4.688485
           ?           ?    4.800868    0.067427    4.986766   -4.270596
    7.791787   -5.712247   -5.387495   -5.068183   -4.305354           ?
    5.442978   -6.003243    4.846733   -5.669988   -5.193845    6.342125
   -7.306276           ?   -6.760517           ?   -5.289974   -8.909370
    5.167478    8.095394    4.330325   -0.693264    5.362040   -5.311364
    5.418155           ?    6.645476   -5.502365   -4.383505   -7.242051
    8.117436   -4.360502    4.270740   -4.905443   -4.966576   -7.606591
   -8.185815   -5.454437           ?   -4.879939   -4.485378   -7.203057
   -6.012971           ?    8.757541   -5.361971   -5.174749    1.888174
    5.383213    2.585491    5.994115    5.605914    4.885185   -6.392560
    4.574255    6.878300    4.342693   -4.845302    3.475546   -2.024914
    1.621316   -4.875126   -4.663155   -5.201643   -5.772952   -6.310490
    4.528943           ?    5.334395    0.864515           ?    8.441285
   -0.857419   -4.326321   -8.915104   -4.847053   -5.462274    0.455945
    4.958651           ?           ?   -2.570205    5.011227   -0.580443
    5.409823   -4.977870    3.912367   -6.074780   -4.372551           ?
    4.732786    8.199172    5.426590   -6.469540    4.406920   -1.965025
    6.390758   -4.699327    1.562768   -5.284809   -5.172142   -1.907651
    4.663087    4.423572           ?    5.428792    5.190094           ?
    5.396935   -1.185607    5.515342    0.739282    4.724886   -3.897469
   -4.109806   -4.686796    6.734760   -5.765115   -5.908150   -2.896642
    3.621733   -4.755848    3.551551   -5.120059   -4.252139    3.233725
    4.860437   -5.779129    5.184707    5.063459    5.548391   -8.288584
    4.417461    8.189903    4.743270   -8.604029    4.405299    7.291901
    5.043525           ?    5.692428   -4.381656    5.339648    7.602207
           ?   -3.950020   -7.515251   -5.122738           ?    8.100158
    7.222086   -5.797118    0.780168   -5.214110   -5.001253           ?
   -5.829720   -5.024644   -5.768243   -5.876531   -5.018401   -4.589768
   -4.427013   -5.638969   -5.867695   -5.046446   -4.763259    7.151941
   -4.806021           ?    1.203920   -5.548586   -5.764762    2.798848
    4.847317   -1.285358    4.343778   -3.664591    4.246426    3.603656
    2.699425   -5.286693   -4.533787   -4.633107   -4.627416   -4.775464
    3.847277   -5.326429   -5.215733   -4.649744   -4.123832   -6.977936
   -8.835637   -5.007895    2.980816   -4.745932   -5.241035   -2.329103
    4.715934   -7.385142    5.208610   -6.121047    4.499015   -2.184711
    5.459644    4.977957           ?    3.630532    5.302799    6.528794
   -4.321352   -4.663250           ?   -4.817862   -5.750115   -2.434229
    5.318128    6.750038    5.771117   -3.719207    4.424615   -8.268818
    4.950375   -0.674469    5.677399    4.294141    5.196111   -5.691338
    4.251973   -7.749622    5.792861   -5.178825    4.322335    4.402540
   -5.521180   -5.682416   -6.625685   -4.609085   -5.220618   -5.476813
    5.473603   -2.861889    4.638311   -5.210668    5.090754    1.217652
    4.782027    1.331187           ?    2.125702    4.755759    1.647798
   -1.349188   -5.586962           ?   -5.000395           ?    6.500187
    5.402001   -7.661271    5.165135    2.016592    4.519005    0.383954
    4.746384   -1.298373           ?    4.198121    5.339729           ?
    6.500921   -4.773461    1.054722   -4.408995   -4.709782   -4.382346
    4.535737    7.607381    4.574677    7.690209    4.623477   -8.622354
    2.877850   -5.537152           ?   -4.913001   -5.146136   -1.883607
    8.914426   -5.592470    6.671494   -4.744724   -5.487889   -6.791732
    0.490991   -5.693486   -2.503042   -4.698547   -3.842203    1.755939
   -3.371496   -5.296229   -3.390654   -5.796364           ?    1.244645
    5.085219   -5.142664   -0.380465   -5.063171   -5.170538           ?
    4.123149           ?    4.224286    8.086119    4.249983   -6.415632
    5.177750    2.681206    3.944376           ?    5.338788    8.267779
   -1.293804   -5.304122   -0.680772   -4.493804   -4.683116    2.329413
    6.428662           ?           ?   -5.190061   -4.950644    3.144636
    5.067469           ?    5.287583    7.148139    4.696564    1.222408
    8.953928   -5.213216    3.996532   -4.898111   -4.597895    5.754517
           ?   -5.645097    0.730268   -5.070541   -5.734445           ?
    0.664561   -5.572611   -3.506490   -5.128617   -4.878558    2.232398
           ?    8.285752           ?   -8.831768    4.930810   -0.765522
    5.370851   -0.002423           ?    7.642700           ?   -4.018218
    4.899677   -7.170094    4.641479    1.295865    4.949370    7.763208
    0.201796   -5.171784   -2.237381   -4.425775   -5.456896   -0.547075
    4.379929    2.579857    5.957224   -1.031228    5.280505   -1.691262
    5.137049   -8.586666    5.073727           ?    5.529450    3.127932
   -6.063341   -5.201515    2.465972   -5.664163           ?   -6.810468
    4.571162   -1.796266    5.526957   -4.396222    4.642661   -4.894630
    4.382596   -6.618532    4.959422    1.333332           ?    6.884328
    7.313774   -4.531996   -5.959080   -5.664867           ?   -7.036572
    5.396194           ?    5.546130   -7.516963    5.456315    2.875980
   -5.888576   -5.177184    3.760537   -5.081795   -4.812883   -2.538930
    4.930899   -5.110725   -0.544873   -5.389064   -5.448673   -6.387750
    7.902449   -4.858028   -7.525682   -5.197092   -4.995211   -5.207589
    5.378250    7.877474    5.447047   -2.707150    3.980325    1.053656
    5.887942   -5.064454    0.295231   -4.837155           ?    0.410822
    5.552404    5.673013    5.058121   -3.249470    5.095621    6.807820
   -1.739872   -5.391847   -4.548184   -6.398269   -4.602621   -0.631512
    6.329727   -5.137271   -7.693520   -5.339820   -5.197611    7.019774
    4.580791    1.912836    4.634831    4.202920           ?   -2.582934
           ?   -5.294391   -6.578904           ?   -4.034539    8.623413
   -1.088281   -5.281227   -0.031364   -3.856629   -5.442441    5.036469
    6.212529   -4.616184    3.888530   -4.750717   -3.760882    4.751942
           ?   -4.806595    3.956455   -5.195047   -5.329976    6.474469
           ?   -4.969410   -0.504278   -4.358676           ?    3.967074
   -1.729839   -4.877651    5.821541   -4.846395   -4.276790   -0.211592
   -5.952345   -5.247358   -7.579558   -5.387355           ?   -6.503087
    5.059095    6.200159    5.404708           ?    4.583836    4.899426
   -3.191751   -5.536517    7.757382   -5.188813           ?    6.583525
    5.412445    4.906765    4.819774   -6.166920    4.943329           ?
    4.625416    4.416955    4.359896    1.083711    5.079039   -4.001801
    4.782314   -2.108479    5.034874    3.174332    4.651128   -0.204994
    3.878544   -4.573976    3.372041   -4.984241   -3.714032    6.085215
   -3.100260   -4.776415    4.518927   -5.738792   -5.116596    5.976836
   -1.551991   -5.496195    7.230229   -5.145889           ?   -6.839996
    5.676313   -8.514920    4.207356   -6.058326    4.674095   -0.317873
    4.956979   -6.841679           ?    2.256369    5.798948    8.167566
    5.127696    8.314233    5.707646           ?    5.139114    6.177377
    5.536608    2.471934           ?    6.943249    5.144513   -5.581567
    4.850003    7.488939    4.677185    7.235084    5.082817    1.223812
    8.227442   -5.960100    0.353970   -4.890337   -4.994090    1.624126
    4.600134   -3.727024    6.061068   -5.413643    4.611609    6.490445
    5.372961   -5.730815    5.313025    4.972685    5.915018   -7.553285
           ?           ?    3.871112   -4.864035   -5.246188    2.736500
    4.698085   -0.444811    5.127189    7.351360    6.219789    2.532272
    1.410547   -5.449160   -6.472182   -6.020436           ?    0.853223
    4.620158    8.113687    5.114739    2.181162           ?           ?
    4.763608   -0.511747    5.113818    8.766121    5.188375    7.418423
    4.235999    3.278368    4.935540   -6.670947    5.372670           ?
    4.727109   -3.779603    5.730441   -3.358738    4.177782    7.037976
   -1.359371   -5.173352    2.257171   -4.993326   -3.946090    3.451692
    3.814709   -5.084142           ?    5.185576    4.248815           ?
    3.890142   -5.902822    4.717601    1.316707    4.101249   -6.803518
   -2.982393   -4.051890   -8.270271           ?   -4.854849    1.871357
           ?   -4.113275    3.428534   -4.445648   -5.171818   -8.720098
    5.466830   -5.075956    0.412135   -5.103217   -5.197422    0.484226
    5.303289    3.281043    4.185386   -3.934246    5.168810    1.601612
           ?   -5.801055    4.565747    6.435745           ?   -0.850489
    2.816342   -4.313179    1.668777   -5.528686   -5.540175   -6.760975
    5.063980   -2.243116    4.362516   -1.348801    5.123998   -4.399596
    5.544633   -7.779868    5.103171   -6.221040    4.756443   -2.918272
    4.978621    6.407906    4.880900    4.271437    4.427774   -8.011625
           ?   -4.058550    7.993358   -4.404488   -4.417172    6.284532
    4.703612   -7.268530    5.054561   -8.636855    5.083819   -1.829621
   -2.164359   -4.847204    2.430791   -5.353358   -4.099428   -6.732828
    5.546910    2.474712    4.351327           ?    5.392304   -4.546231
   -6.722740           ?   -2.501461   -5.101838   -4.928464           ?
    7.339064   -5.484881   -0.641666   -4.717865   -6.250117   -4.807511
    5.600866    4.027783    4.952839    5.576091           ?    6.588251
   -7.573883   -4.562728   -5.998224   -5.397185   -5.663005    1.303560
    4.857108    1.437855    4.055583   -4.305062    5.408512    5.643240
    4.444323    2.370382    5.147772   -1.393925    4.092512    1.185566
    5.322293   -4.627269    4.673828           ?    5.050550    1.736552
    2.613529   -5.442168           ?   -4.902066   -5.102522   -2.531094
    2.278201   -4.995371   -1.902019   -5.750491   -4.639113    4.213549
    5.520601   -6.746094    4.886376    0.013155    4.901361   -6.754979
    4.229789    5.285411    4.762774   -4.122627    4.864858   -5.262693
    4.096696    3.235272    4.704245    1.228536    5.574231    5.232612
    4.324424   -5.095044    8.129482   -4.487693   -5.006213   -7.919706
    4.929985   -2.939888           ?    2.872897    4.829481    5.250145
    7.852754   -5.381205   -2.100549   -5.325615   -5.070210    6.468177
           ?    2.080016    5.470490   -8.856762    5.292773   -3.323062
    5.037809   -5.118393    4.578308    5.804062           ?    7.177623
   -1.411164   -5.203046    6.521601   -4.850347   -5.328726   -3.838347
    5.433424   -3.351949    5.092470    3.306381    4.183859    2.384850
   -3.764201   -4.991907    8.403200   -4.394827           ?           ?
    5.475657   -6.556031    5.576163   -0.597385           ?    7.768134
           ?    6.524691    5.107511   -8.987014    4.402239   -4.121071
    5.341325           ?    5.342349   -7.427570    5.309117   -6.967648
    4.979395   -6.639464    4.970295    0.202161    5.281655   -6.018863
           ?   -5.248176    8.161089   -5.746689   -5.369890    3.418803
    4.421765    4.313489           ?   -2.414869    5.450260    0.749225
    3.557885   -4.782588   -4.611692   -4.862274   -5.334325   -4.099415
    3.739709   -7.898495    4.244619   -5.360791    5.222356    1.976275
    5.959524   -1.879038    5.032242    3.238113    5.333331   -5.789627
    7.665748   -4.411289   -5.436123   -5.169503   -5.450739    0.618278
    6.409233   -5.370767   -4.476954   -4.810662           ?    3.085044
    4.641848    5.147031    5.356707   -6.148711    4.729886   -4.386001
    5.504539    7.739192    5.515597           ?           ?    3.131444
    5.011870   -5.723258    4.237317           ?    4.633929           ?
    8.452586   -4.422345    7.109961   -5.902000   -4.638996   -0.711483
    6.871318   -5.093782    3.738020           ?   -4.654416    5.265353
    4.688768   -1.530015    4.817005    0.503196    5.298100    0.127204
           ?   -4.995419   -6.174455   -4.509073   -4.613624    8.060039
    5.618068    8.569707           ?    2.976890    5.151985    4.793936
   -2.130121   -4.171563    8.898782   -4.499420   -4.809584           ?
   -4.782378   -4.752753    4.115474   -5.077576   -4.438243   -6.898013
    4.982287   -6.173091    5.244814    7.091440    5.380615   -2.782341
   -6.071476   -4.290340    1.639558   -5.522153   -4.264069    0.402273
    4.736376    0.054883    4.810389    6.228587    6.091882    1.876465
    5.866589   -5.179875   -0.979808   -4.517898   -5.338264    0.988406
   -1.689427   -4.630954    3.138568   -5.623856   -4.748719    6.282808
    4.152787   -6.197502    5.352285   -7.206194    4.962425   -2.467998
           ?   -4.990052    0.845460   -4.924099   -4.851002    7.161206
    5.850105    3.656404    5.953146   -6.862269    4.933868   -6.943696
   -1.382367   -4.644934    2.609843   -4.903594           ?   -7.282555
    5.919406   -5.683298    2.450105   -5.066193   -4.990129   -5.356032
    4.582202   -1.014157    4.490144   -3.687267    4.137734   -4.115624
    8.213052   -4.710882    6.363383   -5.004225   -5.442167    8.720925
    5.977062    2.980461    5.526173   -0.898613    4.449284    4.672839
   -7.168821   -4.086365   -1.755135   -5.087484   -5.287132   -2.113476
    5.914424   -3.766967    5.304374   -3.901451   -4.618602   -6.482137
    4.416442   -2.861995    5.377955           ?    5.273759    8.254669
   -3.728606           ?   -4.916592   -4.604133   -4.999857   -0.354390
    5.075148    3.348176    5.326660   -8.136432           ?    1.829850
