   -9.969769    9.671681
   -9.478134    7.695460
  -11.767109  -12.579044
   19.431296  -18.837771
   10.326396  -10.419655
    8.679195  -10.020329
  -10.849965   -9.417374
    9.505346   -9.106358
    9.446343   -9.208541
    9.668521    9.272125
   10.506216   -7.143943
    9.091093  -10.732353
   10.274403   11.675532
  -10.989074  -11.842173
   -9.743737  -10.836649
    8.789194   -8.752629
  -10.326187  -10.750296
  -11.170624   10.689621
  -10.574754   10.894417
  -10.573866  -11.292999
   -8.811621    9.783868
    9.677369    9.369631
  -10.410874   11.013982
   10.487589   -9.379327
   10.074734    8.997794
   -9.204290  -10.496504
    9.789302  -10.201368
   11.450868   -9.491160
   11.080368   -9.530734
  -10.536475  -10.230389
   10.708778    9.301303
   10.651832   -9.791354
  -10.137353    9.354019
  -10.604383   10.457530
    8.310111    7.811495
   10.192743    9.253090
   -9.211084    9.629099
   10.535325  -11.220032
    7.741136   -9.233346
  -10.428288  -10.197832
  -10.318617  -11.082921
   -3.853786    2.542241
   10.816343  -11.555610
   -9.377145   -9.923686
   -9.835502    8.468587
  -10.410532  -10.919792
   -9.307999  -10.128551
   -9.845742  -10.351809
    9.833146    8.550406
   -9.811913  -10.162237
  -10.033949    9.545793
   11.373775    9.186391
   10.459560    9.196104
  -10.989883    9.877592
   10.002120   -9.653367
   -9.231140   -9.385205
    9.800630   10.016856
   11.379258   -9.823762
   10.035900  -10.257904
    9.680320   -9.563516
   10.850897   12.759617
   10.444067    9.710014
   -9.083998   11.861856
   11.214830   -9.174326
   -9.834590    7.893852
  -11.677663  -11.212364
    8.144122  -10.640607
   10.244495    9.890002
   -9.933692    9.395587
    9.659053   -9.618257
    7.172679   10.429651
   -9.723665    8.687181
    9.916311   10.873057
   -9.702117   10.726491
    8.711404  -11.356063
  -10.557169  -10.364236
  -11.039418    9.725474
   -9.943022    9.508614
    8.697672   -8.959151
   10.724667  -10.009660
  -11.524767   -9.136505
  -10.294210   10.164242
    7.559301    9.741877
   10.430507   -9.388565
   -8.561599  -10.791308
   -9.824975   10.494665
   10.163472   10.650039
   10.284785    8.515859
   10.179316   11.210457
   -9.745778  -10.713801
  -10.626472   -9.855386
   -9.233400    9.929654
    9.695304    7.869416
   -9.548337    9.331744
   -9.147922  -10.519698
   11.572534   10.302075
  -10.307259    9.294059
   10.619322  -11.260379
    9.256059   11.619585
   -9.096820    9.710292
    9.633199  -11.650534
    9.125246   10.760985
  -11.203518    8.947997
    9.223846    8.289356
   11.630512   -9.771943
  -10.835221   10.749958
  -11.281196   12.374502
  -10.593565   11.602201
   10.133977   -8.631911
   -8.607219    8.532877
    8.481892    9.018518
   11.380660  -10.718348
   -7.752203   -6.484859
    8.570344   -8.296160
   10.751587    9.418056
  -10.567798    9.998051
    9.582070    9.837727
  -11.258360  -10.654556
    8.692673    9.436590
    9.588592   -9.443965
   -9.805602   10.229843
   10.709510   11.142214
  -10.177305   10.642651
    9.818769   -9.901688
  -11.068237  -11.060232
   -7.907616   11.624076
   10.332692  -10.193423
   -8.829737    9.377400
    9.962551   10.332506
   10.520013    9.966265
   11.241328   10.257431
  -10.015010  -10.436636
    8.160773   -9.619868
  -10.364813   -8.191864
    9.027484   -9.880338
   -8.746953   10.572616
   -9.874106   -5.613313
   -9.419147  -10.572513
    9.504560    9.886333
   -9.984794  -10.856780
  -10.360284  -10.631025
    9.566082   10.328812
    9.140923    6.994590
   -8.732540  -11.068370
    9.384815    9.217623
    8.463161   10.821811
    9.902527   -9.487889
   10.025371   -8.890908
  -19.407168   10.005210
  -10.526539   -9.805329
  -10.943916   -9.200626
   -9.882209   10.019312
  -10.602179   11.376963
   -8.117357   -9.225093
    8.967470   10.912864
   10.117848   -9.719421
  -10.263385    8.980003
  -10.865442   12.037847
   -9.640103   10.419049
    8.500433  -18.089031
    9.185463  -10.508775
    9.732808   11.159219
   -9.813149    8.408361
    9.660236   -9.918873
  -11.201132  -10.994862
   10.468869    9.644804
  -12.139548   -8.563949
    9.020681    9.675541
   -9.518604  -10.536802
    9.053015   10.061524
   10.640177  -10.831977
   -9.415524   -8.543375
    8.331908   11.508722
  -10.212687    9.899449
   10.100123  -12.136640
   -9.782476    9.629469
  -12.429505   -9.715007
   10.838091   -8.436653
    8.183898   -8.864770
    7.991619   -9.229195
   -9.626391   -9.595217
  -10.009844  -12.154256
  -11.444204   10.658424
    8.392260  -10.459169
  -10.323652    8.858721
   11.956967   -9.559893
   -9.928372    7.889332
   -9.031726    9.519984
  -11.406626    9.572538
   -9.803183  -10.667830
    6.410673  -13.105219
   -9.258252  -10.278675
   -8.894247    8.426312
    8.525207   10.680410
  -10.713633    8.340009
   -9.101670   -9.689939
   10.108031   10.540210
   -9.643287   -9.499922
  -11.386745  -10.039356
    9.615019  -11.880885
   -8.829191   10.350096
  -15.443093  -14.370550
   -9.327957  -10.829565
   10.852209   12.173523
   10.802407  -11.133738
   -8.489637   -9.577812
    9.711700   10.183920
   -9.588064   10.519673
  -15.840139  -19.279047
    8.374626   -9.958532
  -10.021447  -11.384963
   10.759134   12.139461
    9.845048   10.935762
    9.803181    7.804480
    8.045961   -9.089127
    8.241583  -10.316134
    8.995792   -9.898580
  -10.474797   11.867873
   11.968268   10.902824
  -10.350850    9.913367
   10.227029  -11.122233
    8.102656   10.394623
   -9.933002  -10.201218
   -9.712261  -10.733084
  -10.613778   -9.907607
   11.797688   -8.855934
   11.555368   -9.230016
    9.510953  -10.225650
   11.375312  -10.158093
   10.859840   -8.683280
  -11.714322   -9.369430
  -10.826116   -9.145761
   -9.613432   -9.194243
   11.346136    9.916168
  -10.101241   -8.858933
  -11.091787   12.297144
    9.008729  -10.700064
    9.469451    9.536518
  -11.283450   11.527913
   12.379189  -11.315418
    9.114564  -11.245734
  -10.482112   10.068805
  -11.165742   -9.071760
   10.119212  -10.584131
   10.005243    9.327581
  -11.980158    9.965482
  -10.435202  -10.434082
   10.752313  -10.279174
    9.283706    8.205538
    9.347038   -9.768515
   12.185967  -11.183214
  -10.492399  -10.189912
   -9.196860   11.222709
  -11.437056   11.288582
    8.699806    9.879593
    9.665653   -9.336556
  -10.481781   10.612255
    8.057120   -9.892036
    0.077618   -3.815432
    9.120480   10.787144
   11.685976  -10.109346
   -9.789828    8.084248
   11.089126  -10.279483
   -8.400025   -9.145946
    9.868412   11.266918
  -14.956511    7.219903
  -10.258566   10.576955
  -10.383134   -9.870167
   10.004223   11.353871
   -9.825315  -10.587944
  -10.115161   -8.191951
  -10.599701   10.367106
    8.837988   11.015720
  -11.129650    8.902200
   -3.287884    3.384165
  -10.320614   10.956062
    9.532053   10.746777
    9.454957  -11.508688
    7.732747    9.382850
    8.022650  -10.531025
  -14.064064   11.571215
  -11.969717  -10.017350
    9.947470  -10.481285
  -11.782786   -8.422701
   11.348768   11.414190
   10.014902    9.858084
  -10.799291    8.505724
  -10.586597  -11.806213
   10.683560  -10.751999
   11.414276   -8.532631
    9.576335   -9.544825
   12.272343   11.014897
  -13.293656   12.218530
  -10.855604   -9.101395
  -11.063555  -10.523651
    8.342661    8.452404
    8.668630   -9.928655
    5.732565    9.960456
  -10.542018   11.103434
    9.748366    9.879444
    9.510212    8.399266
  -10.857426    9.074926
   10.061112   10.699507
  -10.448840  -10.117834
  -10.285181    9.846944
    9.473035    8.602479
    2.474552    9.070064
    8.698935  -10.042966
   -8.456371    9.318460
  -10.462918   -9.731935
   -9.354767    9.807332
    9.350960   10.146031
   -3.153414    2.587953
   10.771505    8.851520
    9.354162   -9.292895
   10.767805   11.170131
  -11.568399  -15.162430
   10.966983  -11.124566
  -10.582909    8.649057
   -9.984059    9.942831
   -8.467494  -10.248758
   -8.858445   -8.867961
  -10.405452    9.888946
  -10.512718   11.563215
   -9.987580    9.493877
   10.411971   10.679304
    9.300022   10.969174
    9.438847   10.280441
  -10.136247  -11.283965
    9.883286   10.223647
    8.395299   -9.047917
   -9.640814   -9.153201
  -10.091917   11.550095
   -9.597878    9.324393
   -9.604725   10.345613
   -8.450354   10.331158
   -8.641906   -9.661369
   -9.730477   10.465038
    9.814941  -10.834511
   10.603204   10.190954
    9.254673   11.780712
  -10.059099   -9.572116
  -10.553896  -10.510001
   -7.886698   11.004146
  -10.043305  -10.607385
   -9.960488  -11.296962
   -9.703053   -9.551168
    9.327877   10.284514
   10.421984  -10.381725
  -10.682763  -10.775142
    9.928474   -8.484714
   10.562916   -9.813793
  -10.240330    9.685444
   10.196412    9.626389
    9.991374    9.852290
    8.838094  -10.125142
   -9.647597  -10.467101
    9.191342    9.815209
  -10.156840  -10.300041
    9.069251    9.912108
   -9.960528  -11.213484
   10.351259   10.131783
   10.732584    8.581169
   10.116349   -8.639885
  -10.594956   11.508990
    9.471206  -10.628464
    8.731950   10.783514
   -8.440843   11.014299
   -9.229809   10.008853
   10.711148   -8.726604
  -11.124647    9.301597
   -8.840329    9.789045
   10.297857  -11.166386
   -9.486251   -9.939902
    9.831321   -8.933049
   -8.813046   -9.972014
   10.509153   10.188713
    9.646909  -11.351440
   10.619916    8.846648
   10.451802   -7.934824
    9.461057  -10.214058
  -11.252510   -9.134529
   11.172544   -0.008871
  -10.387258    9.127021
  -10.094736    8.813923
  -11.506553  -13.304065
   -7.874435  -10.330557
   10.945841    9.917069
   10.996625    8.556843
   -9.611333  -10.450051
   -8.649833   10.949034
   10.910100    8.873387
    9.576245    8.451920
   -4.181839    4.487511
   -9.534884   -8.770793
  -10.971717   -9.414643
   -9.597752   -9.445001
   -9.951789    8.939818
   10.161787    8.989837
   11.333172   11.336309
  -11.171958  -10.344642
  -10.310797    9.471340
  -10.529753    9.565761
    8.856923   -9.459714
  -11.707342   -9.576110
    9.214352   -9.859086
    9.126716   -8.658963
   11.372935    9.230873
  -11.328059  -10.646862
   -9.503404   11.814370
   -9.828014    9.743931
   10.310805   10.895825
   10.835598   11.728423
   -9.753149   11.346440
   -9.863496   -8.792614
  -10.914286    9.626715
   10.221819    8.920020
  -10.536281   -8.366558
  -10.567353   -9.988502
   12.077373   -8.364272
