   -7.775497    1.471932
    1.457482    6.470729
   10.270536    8.166505
   10.523886    8.261220
   -3.285097    4.575790
  -16.995989    8.334762
    8.935523  -10.778700
   -8.066920  -10.495258
   -8.674729    8.490157
  -14.351380    3.159608
    3.436817   15.381081
  -18.054401    1.300962
   -9.762403   11.018483
   10.360209   10.786560
  -10.343027   10.565033
   -3.192698   18.808759
  -10.422829   10.075163
  -10.163757   11.078537
   10.775177  -11.313593
  -14.810853   -7.160711
    2.943756    4.429145
   -8.266086   -0.739543
   -5.645857    4.014139
   -8.430333   -1.583435
   -0.421436    6.152687
   -9.578125  -18.702801
   -9.861555   -9.250518
   -4.166892   11.460006
   13.832365   11.013798
   18.859422  -19.655766
  -14.868075    6.567955
   11.175742    4.287259
  -11.358561   11.000053
   -8.957776    9.503653
    7.983998    9.693800
   -9.499148   11.105516
  -11.127241   11.169640
   -6.272478   18.478442
    8.639015    7.349878
   -9.299705   -9.595204
  -10.673814  -10.473960
   -8.164753   -7.760428
    9.689144    8.565268
  -18.426247   17.007666
   10.111656    9.876624
   -9.049980    9.387084
   -8.291558  -13.792104
   10.039666    8.199870
   19.160281  -16.073408
  -18.424609  -18.444206
   -6.596880   16.108124
    7.988951   12.348395
  -10.285958   10.443123
   -4.309958    6.315117
   -9.171638   10.548918
   18.862067   -6.602315
  -15.211705  -13.437630
    9.390591   -9.972145
    5.811406   11.762262
    9.486655  -10.896353
  -11.104506   10.042951
  -10.214562   10.925386
   -9.698030   -7.806450
   -8.758092  -10.311394
  -10.471097  -10.275732
   -9.149696    6.580567
   -9.274665    2.710424
   10.477916  -10.899550
  -10.115093   11.753231
    2.226108   -3.628837
  -10.229661    9.865831
    9.477090   -9.161180
  -11.449587   -8.954241
   12.829168    0.958510
    7.257005   14.841503
   -9.182908   11.509611
   -9.555434   10.502783
   -8.702007   -4.991564
  -12.056326  -13.219831
   15.691930    4.776932
  -11.681727   -9.245644
   10.258720  -10.657043
   -9.605349  -11.682579
   -1.109911  -16.862591
    9.256138    8.709014
    3.048313  -11.355350
   11.014571   -3.404988
   12.129471    9.675653
    7.316183  -11.362412
   -3.830208    7.599752
   -9.927808   10.620524
  -18.777974   -7.879688
   14.390299   -5.589636
   10.421233    9.446955
  -14.828181    6.088275
    8.745140  -17.356673
  -14.830920   19.396323
  -11.077437   17.838869
   -9.606774   10.957141
   12.092688   -1.000832
   10.290773  -19.401552
  -11.381304   11.052513
   10.604804    9.939590
  -14.665166   18.074844
  -15.774400    4.217019
  -10.588606   10.214236
  -19.134645   11.406032
   -8.761030   15.292933
  -12.337723   18.845573
  -13.106264    3.117086
    7.619247   -9.303901
    9.797172    8.658142
  -11.214994  -10.302719
  -15.989031  -13.372631
   18.078360    5.134700
   -8.934915   10.679906
  -14.866074   18.066920
  -10.986419    9.000429
  -10.885660  -10.788642
    9.318959    8.931361
  -12.686645   -6.829428
  -11.106323   -8.786695
  -13.293876   10.858194
   11.176015   10.746474
   12.882027  -13.232443
  -11.783636   -8.186762
   10.162408   -8.833264
   18.173809    6.001740
   19.035001   16.806340
   -9.179426  -10.360134
   -3.378754  -17.655778
   16.916381  -15.325883
   10.337011   11.148032
   -3.008863   -6.312170
  -14.976427    9.651638
    9.885072   10.668357
   -8.792226   -9.207080
    9.711188   10.021960
    8.569280  -10.166494
   -6.559431  -16.366350
   -8.619372   10.495071
    4.877849  -18.725595
   10.736908   -6.615975
    0.724549    0.608127
    8.902447  -16.577037
    6.466699  -17.216738
   -1.074906   -7.643711
   15.705253   10.013246
   -9.848374    9.873211
   10.489154  -10.565756
  -10.485382   14.918236
  -18.474446    5.920576
    9.948385  -10.193777
   10.121964    9.621375
   11.358574   -6.145664
  -11.365440    1.832542
   -5.875560    9.182486
    9.370420   10.002751
   12.196588   -8.886838
   -8.515678   10.221329
   10.764111    9.525468
    1.297700  -12.992038
   17.613596   13.517398
   -9.948563  -11.108713
   10.002012   -7.138365
  -14.249910    8.578424
   -5.285497  -12.386536
    3.410558   -2.098030
  -10.540393   -9.844550
   -9.919275   10.392058
   -9.870081   11.163916
  -15.030991    7.059487
   17.172181  -16.264892
   -2.705341   10.454553
    5.789934   -0.554617
  -13.167644    0.197966
   10.765372   -9.393415
    9.301598    9.585961
   10.171268  -10.805930
   -7.398555  -15.765102
   -9.558575  -11.466617
   -9.848707   -2.741649
   18.924565  -12.986420
   11.234870   11.860407
   10.599593   -8.615851
  -10.060505   -9.419251
    4.275288   11.952734
   10.638438   11.399355
   -9.040134   10.463906
   12.536578    4.764853
   19.780273    0.328564
  -10.552216   10.959079
  -10.442542   -9.746805
    0.213566   -2.781067
  -13.407585   15.599997
    8.988533   -9.056606
   10.156306   10.337171
   10.388179   19.395862
   -8.732392    7.573618
   10.303069  -13.789887
    0.302542   12.678137
    2.550413  -11.018181
   14.937529   12.490517
   -9.300501   -9.160822
  -10.682996  -10.077992
  -13.388333  -18.611871
   10.834396    9.754541
   -9.062570  -10.591478
   -9.274621   -9.300591
  -11.431060    6.306333
    8.597025  -10.996055
   -8.130118  -10.876385
  -10.558787    2.418225
    5.233245   -7.642758
   10.235540   -9.135486
   -9.041281  -10.132662
   -1.459104  -11.800324
   -9.910849    9.916098
    8.900954   -9.655762
   10.100825  -10.618180
    9.238417   -8.895579
    8.864284   -9.774898
   10.011002   10.786610
   -8.633644  -10.227842
   10.092328  -10.983347
   -2.808282  -17.194925
   11.023027  -11.113163
    8.723059   -8.645042
    9.321419    9.860837
  -13.495045  -10.675934
    9.137914   -8.641710
   10.142167   11.456507
  -10.101405   -8.872719
   -5.857880    9.425508
    7.265851   -9.247402
  -10.195914  -10.756466
    1.350124  -16.634301
  -17.983743    2.984610
    0.285954  -10.591213
  -13.755137  -12.660721
   19.691115  -13.796138
   10.405269   -0.154294
   -7.872562   -9.286315
   12.909977    8.902109
   14.565218    8.749582
    8.799675   -8.554430
   -6.480955  -13.112045
    3.920171   -7.853144
   10.064597    9.269912
  -10.144758   -8.909742
   -1.525309    2.993724
   -9.874166   11.047899
   10.444835   -9.616108
  -11.706258  -10.951062
   10.001035    9.845716
   -9.540873  -10.379585
   14.184067   10.752149
   18.179538    5.038710
  -12.635334  -17.062756
   15.022588   -4.925866
  -16.380719  -16.327133
   -6.138128   12.564172
   -5.086683   -2.021872
    6.415990  -14.168890
  -10.050447   -9.220054
    4.271633    5.717399
  -10.028617    9.352715
   -8.780551    9.745075
  -13.652850  -11.298395
   -9.034159    9.758036
  -12.526924   -8.375714
   -5.219962  -12.686268
  -10.466558   17.470952
  -12.751625   14.503589
    0.622539   12.766306
  -11.419868  -10.047924
    9.438230   -8.956240
   -9.068835    9.166863
   12.116467    2.871792
    9.408674   12.229083
  -13.336390   -1.224433
   -4.558864    5.765242
    9.408850    8.098186
   10.514717  -11.144002
   -8.315524  -11.879820
   -7.503284   -9.371588
   -9.033876   -9.454796
   -5.943740    8.462919
   -2.355364  -11.853862
  -17.327304   13.026014
   -7.026308   14.257627
   -9.383180   10.948576
   12.207934    3.456892
   -9.279791   10.542433
  -17.372117  -12.191544
  -11.760046   -9.979921
   -4.785202   -8.479243
   -8.220461   -9.811806
    9.926753  -10.395088
   19.585761   13.114567
    1.139770    9.195887
    9.758620   -9.911974
   14.496246    0.543498
  -15.433893    8.167952
   -9.422682   10.390593
    8.546416    9.838056
   10.442294   11.627523
   -8.940612   -4.471229
   -7.124579  -10.304466
  -19.037289    7.719225
   -9.823313  -10.230409
    7.959689  -10.154068
   11.476819   10.991977
    8.217968   -9.696680
  -13.700438    3.583735
  -18.879261  -12.522822
   -4.518912   -3.010460
  -11.346391  -11.661903
  -13.901539    9.037174
    0.313072   15.183491
    9.061107  -10.819295
  -10.510508   10.842840
    9.179935   11.240079
  -10.544797    9.370497
   10.191976   10.526906
   18.860201    5.474994
   10.543630   10.595072
   10.037406    8.680487
  -10.113194   12.199486
    9.633779    8.802537
  -13.706274   12.754175
    0.122177   16.776101
    8.927560    9.303899
  -10.422695   11.950263
    9.806272    9.785512
   14.015438   -1.217163
   -9.602821   10.007023
   17.075681   17.942353
  -10.335522   10.740689
    9.209316   11.057836
    0.962527    0.166150
   13.528234    7.992430
   19.578989   11.318173
    9.803176   -9.397108
  -19.575317   10.086091
   -5.960512   -1.456478
  -15.132150  -18.873400
   10.760525    4.158939
  -19.378487    7.276645
   11.690737   10.014107
   -9.799929   10.183404
   -8.941398  -12.205768
    7.054011   10.816662
   10.762325  -18.043161
  -15.447519   11.163534
   -4.988126    4.863642
  -11.836559    9.579744
   13.159566   10.615654
    9.575101    9.717989
    9.491182   -8.957106
   19.282770  -17.691842
    7.657490  -17.447782
    8.347300  -12.622189
    8.263548   11.273361
  -10.725515   -9.531666
  -15.775110   -5.047948
    1.841540    5.359670
   11.556498   10.800262
   10.291480  -16.467140
  -17.338463   -0.541457
   11.356758   11.750245
    0.306783  -12.148399
   13.652650    1.969763
   -8.718358   10.608530
   -9.570146   -9.787107
    9.858363  -12.016679
   -0.709273   -5.292627
   -9.498504    9.771790
   10.482584   11.468248
   16.956772  -13.263002
   10.396725  -11.436789
   -9.987118    9.483425
    8.333261  -12.055638
  -10.249347    5.517621
   10.738278   10.938516
  -19.638236   -4.446867
   11.266483   -9.932815
   10.827960   -9.716268
    9.731454   10.232937
   16.435537   16.929330
   18.306684  -14.956362
   -6.998689   17.346187
   11.211727  -10.877477
   -8.345817   11.042307
  -15.075882   18.543734
  -12.375796   11.721232
    9.232317   -9.095474
   -1.226651   17.326448
   10.788070   13.302422
   -9.710792   -9.777634
   18.086295  -12.853145
    9.435742  -10.826939
   -6.722502    2.794903
   10.636990  -11.617465
   -2.486282  -11.007263
  -15.715047   -8.466087
    3.896234    2.419458
    0.430046   18.246630
   -8.910257  -10.467255
   16.387480   -2.407471
    1.533973    9.478754
  -10.680976    9.372053
   11.628002    9.287527
  -14.429932   15.865494
  -14.675946    1.056900
   -7.458558  -18.818225
   10.649658  -10.053144
   11.964924   -9.679033
  -19.378642   18.740836
    4.791688   16.242837
   10.624320   -9.044956
   -7.751837   -7.283159
    9.282032   -9.869728
   11.004704    9.889652
  -10.507658  -10.603476
    9.309310  -11.980349
  -13.664644   -3.493747
    8.592600   10.286453
   -2.410399  -19.805419
    9.959493   -9.779331
   18.013956   10.064927
    8.874183    9.816102
   14.030174   18.899565
   -8.824742   12.113086
  -17.205962  -12.593510
  -15.342072   -0.910866
   10.679775   10.852025
  -18.137571    4.108616
    2.417625  -11.059509
   12.235318   -2.151328
   -6.274610    0.874232
    8.854736   10.569944
   15.052631   -8.204772
  -11.109998   -8.580148
    8.724748   -9.643844
   10.269879    9.659007
   18.072033  -14.359808
    4.171609    0.384104
    8.982817    7.620068
   14.675307    2.844190
   -9.172646   10.405775
   -9.132917    9.436840
   -8.989652    9.197417
   -9.303238   -9.471062
   11.083561   -9.290449
   10.165088   -9.754298
  -18.379726   18.133352
   -0.736254   -7.168229
    9.542205   -6.751473
  -10.988981   10.636866
   -8.953635   11.564281
   10.338020   -9.638823
   -7.180196   -8.831389
    3.566465   -2.569215
   10.775275   -9.631844
    9.453435  -10.355495
   11.358382    8.236450
   -8.063453  -18.988981
  -12.069191   -0.566543
   -1.822821  -18.934574
   11.121127   -9.292915
  -11.215332  -11.212917
   -9.595773  -10.751628
   14.754517  -14.221425
   11.128799   -9.669739
   11.168900  -11.257099
  -10.092517  -10.383607
   -9.603671   -9.234564
   13.190203  -17.864924
   -9.927001    9.928007
   11.292794   10.322073
   -9.502075   -8.212409
  -11.800533  -11.800634
   -8.908356    8.947373
    0.482288  -14.137163
    8.548533   -6.552209
  -12.054623    9.573974
  -10.068250    1.233099
   10.831111   -7.223558
    8.453272   10.754966
  -14.867145    4.569554
  -10.136093   10.769368
  -15.794284  -19.572039
  -10.746426  -11.142984
   11.156559   -9.599474
    3.031873    4.083098
   13.674414  -16.282309
   -9.873144  -11.422920
    8.085693   -9.704842
   -4.088108  -10.020130
   14.119072  -16.753209
   -1.678760    2.150488
   10.259882   10.634638
    9.467746    9.068589
    8.833863    4.312855
  -18.171125    7.940492
    3.321012   -5.622835
   -9.776886   10.763263
    9.260965    9.324742
   -9.072238    9.882601
  -11.782479  -11.147946
  -11.654200  -10.718695
    9.638901   -9.374487
   -8.023590  -14.293610
   -9.376431   -9.362276
  -11.485579   11.011626
   11.300243   -9.646677
   10.691754   -5.840286
   -8.559854   10.222537
  -16.605716    5.116312
    9.530276   -9.716943
    5.990871    2.073338
   10.185227   11.300862
    8.024045   -6.029432
  -10.550254    6.362549
    9.825597   -8.578312
   -7.634793   -9.704095
   -9.007249    9.542191
    9.696049    9.468190
  -10.070645   10.614377
    9.334238   16.042839
   10.106561  -11.857415
   19.872095   -4.529883
   10.548723   10.197793
   -9.818618  -10.295609
  -18.718276    6.998745
   -8.695534    8.281946
   10.675543    5.919258
   10.872293    9.599066
    8.645841  -10.089413
    2.235739   -3.406455
  -10.888499  -10.997743
  -10.170809  -10.151737
    7.483008   -8.780672
    8.146755    9.414571
    2.412088    3.681842
  -10.191797   -9.731446
   -2.270708    6.483552
  -11.194872   10.928292
   -4.924489   -4.647647
   10.796832    4.564852
   -2.727484  -15.352560
    8.612347   11.532971
    9.185875    9.790174
   11.790234   10.068712
   -1.750152    9.360861
    8.430233   -9.845328
    2.523656    7.135387
  -12.358104   -9.330191
  -14.205994   15.295892
   -0.231608    1.613635
   15.099538    6.960173
    5.869992   17.654021
   11.227543   18.802634
    0.557632    0.363977
    7.904387    8.280107
   10.313357   11.210792
   -9.767300    9.497997
   18.093853   -4.824144
   13.322973   -1.718688
   16.500237  -11.326915
   -9.351777   -9.159304
   -0.176861  -10.950225
   16.497398  -17.721199
   -6.286307   10.320632
  -11.765474    8.998731
   -2.303418  -11.577220
    8.025790  -10.175301
    8.032107   -1.105362
  -11.187338   10.543336
    8.162829    9.175388
  -12.006684   10.773541
   -9.132851   -9.825641
   -1.259394   -3.391760
    4.616394  -14.760569
   13.581426   18.569771
   -9.248397   -9.723147
  -17.691861  -18.794163
    6.015497   -7.201822
   -8.993520    9.038226
  -12.529928    3.035256
    8.801919   -4.661062
   10.598165   12.084297
  -18.470106   -1.313813
    4.886925   10.691599
  -10.618338   12.103253
    9.279344  -10.173988
   -8.357879   -7.690827
  -12.460147   -7.015593
   12.186197   -9.663278
   -9.625574   -8.861009
    2.939132   15.235124
  -17.836057  -15.337589
  -10.434526  -10.791191
   14.359180   13.622279
   16.475746    8.292561
   -0.086695   11.983928
   -1.474680    6.552948
  -10.176353  -10.194552
    9.683426    9.244249
   10.518702   -9.866183
  -12.706257   14.138453
    9.433609  -11.304043
    1.658074  -13.652934
   11.332204   10.766842
    3.541496  -12.414855
  -11.240199  -10.062092
  -12.147850  -18.740868
    8.827769  -10.282248
   -0.160675   -6.052714
   -8.959031  -10.119508
   19.659684   14.485246
   -3.901009  -18.020401
   11.215348  -11.484004
    9.602248   -7.714587
   10.891857  -11.350311
   -1.912330   -1.722662
    4.187810  -12.343925
   19.081483   14.628933
    8.382822   -0.996557
  -11.140903  -10.035780
  -19.128580  -17.697834
   16.572575  -13.199245
    8.728517  -11.989198
   -6.285292   -4.577991
   -8.721550    9.996359
    0.431171   16.813294
  -10.336029    9.581659
   -9.520607    8.970707
    9.800725    9.573817
   19.422571  -13.127663
   -8.664208   -9.711135
   -0.122173  -14.343088
  -10.276329   10.061950
    9.528822    9.550426
  -10.242078    9.348728
   10.267571    9.696984
  -11.135099    8.971688
   -2.227133   19.650458
    8.400725  -11.104522
   -9.803489   11.413466
   -7.726376  -11.250012
   16.885033   -3.556838
   -8.238015   11.119174
  -15.583056   -0.302412
   11.108040    9.487775
   -8.821737  -11.612308
    9.982204    9.937759
  -10.761641   10.398497
   -0.246555   12.683019
    2.282881    3.002942
   11.061720    9.911955
   -5.948742   -7.642086
  -11.830059   -8.974391
   -1.030079   -3.663809
   10.026961    8.116195
    8.353424    3.836836
   11.836449  -10.166926
  -17.451595   -6.176017
  -10.370844   10.216775
   11.901916   -3.283051
    8.246679   10.682566
   -1.859391   15.369129
   12.184176    5.152058
  -11.277026  -11.407842
  -17.665151  -19.261187
    9.614721   -9.142578
   -9.408814    9.496733
    6.703630    8.118557
   -9.187413   10.304417
  -10.691341    9.345782
    9.972864   -8.684861
  -10.558385    9.917895
  -15.870285    2.168640
   10.860848    8.318564
   -8.540613   -4.038190
    2.657669   13.715684
  -12.732978   13.922416
   -9.009864  -10.619467
   13.396965   16.411462
   10.934526   10.239873
  -10.002960  -10.416152
  -19.196640  -19.915322
  -10.130737   -9.113219
   14.480787  -11.193955
    6.968143   -4.935922
  -17.586579   -2.045553
   -5.410512   15.574203
   -9.154374  -11.673238
  -10.417785    9.271868
    8.798572   15.186810
   18.456816  -16.911335
  -19.446127  -19.441954
   19.682494    7.737463
   13.853582  -11.675506
   10.676258    9.700277
   10.332134   10.408035
    9.668737   10.759592
    9.012577    8.501086
   -9.907678   -8.116221
   -9.539541   13.115790
   -4.360812   10.673868
    9.320887  -10.735342
   11.217284  -11.315102
  -18.221012  -17.384477
  -11.024840  -11.083635
  -12.029988   -8.594405
   11.917922   -9.756396
   -5.581474   18.782234
   11.317606   11.455475
    9.254282   -9.200551
  -11.066448   -8.932764
    2.279591    4.934951
  -11.101989    9.542457
   14.470111  -11.494727
    3.280722   16.236984
   -9.022704   -9.017152
    8.127729   -9.674323
  -14.019666  -17.170781
    0.287803  -15.879330
   10.739034   -9.912724
   -9.870967   10.511105
   -3.368860   -6.116584
   10.311184   -9.612917
    9.454129  -11.931794
   11.491201    7.109807
   10.164523    8.014143
    9.512185   11.319539
   -9.975139  -11.654263
   -9.734048   -9.120562
   -5.210822    3.681088
   16.227983   -5.879316
    9.799008   -9.279094
    3.273434  -17.129813
  -15.182062   15.158422
   19.767913  -16.586995
  -16.653937   -0.720921
  -17.599717   10.356591
    3.852007  -14.468225
  -10.460705  -10.034575
  -11.051507   10.713985
   10.267415   -9.771990
    8.294271   12.616616
  -17.995477   -6.803777
   11.634388  -10.735891
   -3.400371    4.722267
   -8.272155  -10.125464
    7.441033   12.833312
   18.900407   13.359471
   -7.363850   -5.197027
   11.303536  -19.838224
   12.780787   10.934250
    8.631132   -9.123842
   15.258753    9.212389
  -17.675867    8.408785
   17.049805    6.955441
  -10.168636    9.514119
   -3.436548    1.087182
   -9.422757   -7.145012
   10.517877   12.116587
   -8.462175  -10.958497
   11.231237   -8.607522
  -10.578406    9.446329
   16.019673   11.615706
    1.587317   -9.164549
    9.707489    9.985526
    0.219556   12.668059
    6.911222  -11.187880
   10.431818   10.548760
   10.076893    9.851423
   -4.174547   -3.020668
   -9.221956  -10.572717
    2.282665    2.877814
   -5.903058   -1.411720
   18.397776   -6.377592
  -11.556610  -10.173642
    6.899098    0.137150
   -8.552439    8.462422
    9.997607   -8.511563
   -1.431875  -14.062264
   -9.247056  -10.203503
   14.996388  -12.640417
   -9.535187  -11.123370
   11.302658  -10.634601
   17.786662    5.445608
  -10.555027   -7.802835
  -11.313042   -1.996740
    9.144476   10.081189
    8.656840   -8.166467
   -3.812112  -19.395476
