   -9.431469   -9.346635
    1.782791   -4.770272
   -5.890395   -1.758347
  -18.917276    5.155412
    8.060931   18.600647
   19.323051   18.434111
    9.853699    3.733832
   -3.393261  -15.291621
   13.429753  -17.571712
   -3.844476    5.751559
  -17.755745   -7.540941
    9.625227  -10.543396
   10.938749  -11.274753
   13.073599    0.812769
   16.601227   -9.536254
   -0.771756    6.621864
    2.666925   18.034195
    9.937188  -10.501497
   -3.547991  -17.971219
   -4.556340    1.058230
   -8.835267   10.129862
   10.439332  -10.329828
  -12.281946    3.529453
  -18.503710   10.566063
   13.790267   13.803105
   -9.675056   11.477444
   17.055284  -13.330100
  -15.258861    3.804942
   10.902282  -10.285201
   -5.319870    6.015350
    7.701720    3.070718
    5.155759   15.823354
   17.032747   -2.719058
   -6.235516    2.471770
   10.532675  -11.224528
   10.649955  -12.213957
    2.808979   17.944346
   11.188001  -13.841656
  -16.183282    0.483386
   12.920978   14.352558
    1.344693    0.109033
   19.900071  -10.478287
  -19.244990   16.582939
   -8.884929    9.114117
    4.322050  -14.879408
   -9.585603    9.302435
  -14.657070    9.420528
  -15.031234  -18.537472
   -8.567839   -2.955353
    8.425839   -4.375843
   10.430906  -11.348008
   -3.159616   13.515017
   11.025649   11.046094
  -14.050361   15.467242
  -11.417696  -10.441378
   10.716623  -10.574224
  -10.126533    8.435719
  -10.842744  -19.435892
   10.286725  -10.922970
   -0.316083   13.215555
  -15.597972   -9.750220
   10.628064   10.694401
   16.828543   -9.862667
  -12.320014   -5.059415
    9.485548   10.267276
  -12.855549   12.813505
  -11.077989   18.782407
    9.138613    8.397528
    9.144863    8.966311
   10.433031   -9.433577
   10.536953   10.918516
    9.827376    8.724575
   17.896413   -1.805428
  -19.560578   16.095885
  -13.807824   -3.187068
   -4.224094   -4.129492
   19.317386   15.967147
    8.273715  -10.784749
   -5.789706    1.077381
  -10.526423    8.605756
   14.919994    9.434660
   -3.990058   11.985767
   -4.816143    8.771214
    7.024776   14.774191
    6.749469  -19.967068
   13.702374   15.242765
  -15.321192    7.240402
   10.553981    9.722256
    4.232475   -5.986229
  -14.923700   -5.834638
  -10.073273   -9.590033
  -10.018772  -11.171431
   16.495132   10.888925
  -16.211049  -14.849056
   -2.506823   -7.280665
   -8.642182    8.140926
  -15.624830  -10.405306
   19.747090    0.653863
    5.705958   10.604704
  -19.704057   -6.012421
   14.780363   17.586807
   18.834360   18.514087
  -11.629427  -15.121763
   -5.614599    9.917833
    0.252597   17.588609
  -19.834322  -17.680866
   14.860496   -9.955353
  -14.405691  -14.369030
  -18.177608   -4.310194
   -9.935831   -3.014078
  -18.035140  -12.094483
   18.395345    6.549746
  -18.706981   -1.865235
  -11.419701    9.187715
   19.622349   14.740109
   11.703990  -10.089225
    8.151149    2.231665
  -11.906272    8.295044
    1.494107  -11.775265
    9.786493  -10.985783
  -19.650646   12.541235
  -14.257871   -5.806966
  -11.353849  -14.121635
  -11.972858   11.392514
   11.386073    9.395940
   -9.049960   -7.707879
   -3.688597   -9.963362
  -19.238158    4.702541
   13.577876    8.614118
    1.857524    3.020032
   -8.338381   -9.353126
   -0.991724  -12.163913
   -3.092254   15.572636
   18.445593    9.339073
   11.809039    8.950559
   19.025253   18.404707
  -10.373011  -10.758904
  -14.111689   -0.595224
    9.623783    7.597948
  -12.844413   10.343964
  -10.893453    0.760156
  -11.539694    0.337901
   11.863689    9.782963
    4.416363   19.817803
  -11.198065    0.726611
   -2.348274   15.510995
   10.329935   -6.462716
    5.365337    3.987429
  -18.465982    2.752569
   -0.062583    5.738892
    6.277949   13.499490
  -15.424842  -15.833831
    9.624576   11.437910
    2.599088  -17.994334
   -9.088217   10.759796
    2.587853  -11.381246
   19.409660  -11.647357
    9.631460   10.092743
    0.381132    7.172884
  -10.362648    4.314936
  -14.215065  -12.581966
  -12.171754  -12.426810
  -11.794176  -14.039826
    6.964955    5.576645
   -0.617965   -7.710501
  -15.082378   18.823243
  -11.348123   -7.713946
   11.234348   -9.589691
   -4.312570   18.770900
   -5.908663  -12.745556
  -18.289046    2.543174
    7.049417    0.497195
    7.068501    0.203682
   12.559517    1.993429
    9.854527  -10.379122
   -8.928831   -4.859730
   -9.770652  -12.101890
  -10.546248   11.364602
   -3.808643    5.285158
  -11.257588  -10.339285
    1.855646  -12.962015
   11.415363    9.875965
  -10.633881    8.612230
   15.384397  -16.412396
   -9.085314  -17.757660
    9.070223    1.582549
  -13.705200    7.030560
   -3.619490  -13.066956
  -13.714487   12.107468
  -11.700475   -5.615963
    1.185354    0.837969
  -15.044505   17.816757
   15.008675    2.516283
    9.693763  -11.738658
   16.273467  -17.703745
  -18.693894    4.902394
   17.627289   -3.707124
  -10.818103   -9.199914
   -8.141719    3.395975
  -15.806881  -18.130911
   -3.574220   11.390072
    3.121386   18.182426
    4.750413  -11.146731
   -7.867335   15.533884
    3.091637   17.964550
   11.469991   -5.334863
   15.864060  -13.672140
  -11.682552    7.581613
   -1.722943  -12.898630
  -11.101627   14.169730
   -2.831385   -4.536048
   10.244869   -8.646249
   -2.398697   -1.838120
   14.927881   -6.512911
  -11.661629  -16.420829
    0.940572   -9.485735
   10.892195   -9.419034
  -10.651420   -9.948252
   12.895107   -7.414597
  -15.771346   17.048284
    0.880101   19.420702
   10.571412   -9.897646
    0.754740   -9.362452
    7.974406    5.097608
   -9.834292   -9.649977
  -11.767759   12.868934
    4.961254    7.011468
   -0.714415    7.022844
  -11.006823   11.739609
    6.969593  -15.649344
   18.603390   -7.832324
  -17.418981   19.881548
   14.023902   16.964699
   -9.847943  -10.824990
   -7.189382   13.856368
   -5.110169  -15.113579
   13.996582    1.101045
   -1.553284   -0.981841
  -17.082018    0.682274
  -13.749731   -4.933217
   10.876689    9.528616
    5.580579   15.968336
   -0.885147  -12.402288
    1.549955   -5.807416
  -16.703502   10.967174
   -5.622103   14.619849
  -18.556962    2.239614
  -13.125708   12.124733
    9.768375    8.050451
   -1.395419   16.039860
   10.916447   -9.550775
   -7.390541  -16.918668
    3.113895    5.240200
   16.728772   18.593716
   -8.863475    4.919906
   -2.789211   18.805937
    9.606249    9.802099
   -2.482304   11.803648
   -9.389444  -10.358745
   16.881776    9.150516
   -5.657165   -3.755337
    3.415235   19.370819
   -9.907271   10.722825
    8.863035   -7.640579
   -9.862184  -10.632659
    9.812541   -9.439535
    4.582512   -9.195668
   -9.710947    8.096482
   19.183297  -19.462881
   14.422636   -0.866360
   -0.548811   -4.451035
   -3.289332  -16.567996
   -2.962687  -10.200350
    9.999637   10.332801
  -19.628292   10.166099
  -14.076417   14.255571
   -0.010032   15.692828
   13.643542   -7.538491
   -5.101654  -12.185248
    2.366693   18.879274
  -16.812990   -4.153127
   -0.123143  -13.841721
    6.502698  -13.122127
   15.940165    3.870726
   15.321450    6.434615
  -12.378121    1.992696
  -18.772567   10.075912
   17.164794    8.270369
  -11.586529   12.179225
   -9.742562   -9.634627
    1.369654   11.704626
   -9.752479   13.028057
    3.959545   17.815823
   -0.494239   -1.194525
  -19.434429    5.712174
  -11.349235   -8.634466
    9.052699   12.265836
   -8.694235    7.668359
  -13.969966   17.873324
    4.393406  -18.149939
    8.510786    6.833970
   -5.212673   -9.091376
  -19.573709   -5.742267
  -10.586112   -9.972906
    6.699158    7.441643
   11.788350    8.659419
    8.800215   -1.881654
   -6.628998    3.714894
  -10.827348    9.745430
   14.685017   16.896990
   14.052183   10.616885
   14.782851  -11.146210
    7.403692   -9.211476
   11.232038   -5.009993
    9.774978    9.522464
  -17.422156   -6.793937
    9.392968  -11.434508
    1.348353   -1.127885
  -15.935766  -12.766456
    9.318765  -10.050215
   -9.356146    9.032064
   -7.347818   -9.881066
    9.458445   13.259139
   10.330631   10.314678
   -6.188212  -17.260807
    5.708589   -9.838077
  -15.770114  -11.546721
    8.948609   -3.429228
  -16.112438    0.565808
    9.465693   -9.650182
    9.868028   -9.604467
   16.513834    8.913134
   12.607096   -0.625229
   -9.402462    9.720620
    1.798326   17.470905
    8.398976   -9.878254
   12.387080   18.427600
    0.716269  -17.083477
   17.806625   16.601167
  -11.908140   -9.393193
  -11.076889   -9.202968
  -10.490951   11.419639
    9.364929   -0.682192
  -11.329168   -3.137418
   -3.706547    1.899454
  -11.166844   -0.874455
   -9.505027    9.464306
   -2.369224  -17.536357
  -12.804076   17.940133
    2.271913  -14.828087
    3.695532  -10.465976
   17.821983    2.020308
   -7.217003   -6.094967
  -16.415178   -7.895526
  -13.901991  -18.738992
    1.176289  -11.356217
   10.904110  -11.129288
  -14.471494   -6.469254
    6.816063  -17.984717
   15.058180    8.421223
   16.380371   19.716602
   17.236344   -7.971181
    3.242057    4.642905
   -9.462303   11.118132
  -11.839021  -19.348445
   10.053344    9.383577
    1.295762    0.348976
   -8.962006    9.201474
   -6.276406   10.775456
  -17.729656   11.366181
   -4.981733   14.026750
   14.971293    1.218006
    2.365274   -3.262776
   19.172974    6.370762
   -9.521730  -11.909837
    8.056780    8.016692
   14.034267   -4.634770
   16.857994    9.156732
   -0.543376    4.394569
   -4.732356   17.236295
  -10.420807  -10.225260
   16.914656  -10.300480
  -10.344641   10.486124
    2.026221   -5.855574
   -8.735709   -7.985397
   13.013925    8.060774
   13.377139    6.892758
   14.559495    4.940095
  -19.304530  -16.356962
  -10.343964  -10.516751
   -9.033761   15.933273
   -9.273518   -9.699949
   19.666113   -8.257335
   -7.313005   -4.820664
    1.854095   14.722384
    6.658709  -19.423814
  -10.465419    9.908920
    5.702963   -5.389833
    8.891871   -9.597987
   -2.800436   -9.392120
    9.063614  -13.427988
  -13.559932   -5.780448
  -16.130179   16.109762
  -10.008887    9.622764
  -10.211944   -8.908333
  -12.889015   12.204599
   -2.455016   -1.739474
    6.140417   14.944416
    2.971570    5.383033
  -10.855356    9.846387
  -14.572371   13.341984
    2.405746   12.649224
    4.790115    8.872967
   -6.770786  -12.540166
  -10.230946    9.161959
  -18.928904   -2.326864
  -11.379004   -9.728055
   -1.996260   -7.356207
   -9.868111   -2.160936
    8.855673    9.300718
    9.135335   10.946664
   -4.928418    5.387120
  -12.462665   18.185013
   11.305685   -9.149573
   -4.915546   -7.514189
   -4.863856    9.771720
   16.938422  -18.859646
   -4.581223   11.106837
   -2.587817   15.863441
  -11.148546  -10.311516
    7.093554   10.989311
    7.929830    6.333283
    1.857454  -17.959809
   -6.551206  -15.626133
  -11.126477   -4.702190
  -13.957589   15.071860
   16.263832   16.028743
   15.394015   12.290578
    4.472679   -0.755734
  -18.614759    5.013476
   10.454987  -10.150167
   -8.781771  -16.468890
   -4.211126   16.474339
  -11.524352   10.067202
   -5.236224   19.136728
    0.835372   -5.769247
  -10.221490  -10.063331
    0.786511   -0.195732
   10.342462   12.528877
   -3.081360  -16.168978
   -9.048014  -12.218898
  -18.420009  -12.593130
   10.877845   -9.113924
    9.672301  -10.959309
   19.362834    6.884754
   10.341679  -18.861771
   10.799771   16.821258
    7.666433  -14.896150
  -16.973924    2.573707
   16.749072    1.018887
  -14.036854   -2.266239
    1.318139    1.754273
    0.612017   -8.618499
   13.903600   -4.903149
   -3.064900  -13.111806
   -9.219140    2.330791
   -3.877181  -17.385857
    4.531026  -11.107816
   13.202062   -0.221340
    1.264250   -9.876616
  -10.000317    0.386609
  -16.387319  -15.027042
   -9.754787   -7.101787
   -1.719367  -13.877733
  -13.477748   -2.799474
   17.694779  -17.216957
   19.970676   -4.377457
    9.118142   11.416368
    2.168408   10.102491
   -8.381710    9.501480
   12.312199    9.674811
   -9.254485    0.169601
  -16.607092    2.550578
   16.704657  -13.678019
   -9.769594  -10.096718
  -10.308696  -15.754144
   -8.857200  -11.492321
    6.371437  -10.958841
   12.547047   18.836814
   -9.707539   -9.039035
  -17.779113    7.033082
    8.841597   13.973813
  -12.959182   14.832168
   -9.482981  -11.160729
   10.365343    9.556916
    3.604493   10.226219
  -13.036351  -18.262144
  -10.923797    2.365691
    4.845411  -10.071308
   16.956565  -15.423507
   12.339162  -10.064094
   12.386814   -2.527754
    8.054217    7.614553
   -9.939072   -3.122344
  -12.485359  -14.188219
   -5.039334   -3.071811
   -9.852381    9.491282
    9.736841   -8.775831
  -19.276775    4.300145
   11.821165    8.157750
   -4.888607   -6.850196
   -9.512354    7.783043
   14.871603  -10.316704
   15.854497    0.450638
   -3.071684    3.648423
    9.986052   11.081837
   -3.375243   14.262893
    4.810182   -8.653776
   -8.429561   15.069184
    4.406564    9.901659
   10.862816   -9.936960
   -8.858846   -0.734622
  -11.818366   10.222398
   -4.317460    2.005545
   15.681252  -16.588284
   15.774707  -12.126087
   15.806117   -8.389570
   11.883154   10.867600
  -12.184227    3.181367
  -10.545375   -3.402221
   -2.202190   12.160879
  -16.411198    9.515913
    1.989049  -10.088691
   -8.874758  -18.004694
   -8.777543    9.451446
  -19.193924   -5.729966
   17.294146   10.338102
    7.569970   -9.339572
   -5.052855    8.237607
   -2.724434  -12.178541
  -15.318019    2.927477
   -9.777243   -9.892549
   -5.855778   -4.487242
   10.726942  -12.891838
    4.250113   15.288730
    0.590808  -18.952984
   17.442389    8.562096
   -4.692939   -8.202707
   19.366066  -14.431655
   18.989652  -19.979173
    5.929952  -18.717109
   -9.229865    8.843536
    3.030515   18.796478
    9.633462    9.545732
   13.725639   -2.208218
  -15.133989    8.751772
  -10.353351    1.423020
   15.857206  -10.077969
  -11.654839   -0.045058
   15.934429   -3.644386
   -5.002894    1.043737
  -10.194619   -0.275749
   -4.173859  -14.665632
   -4.592836    7.044761
    9.589487   11.081106
   17.537825   -4.808710
   -9.322110    9.305069
   10.177885    2.366905
    6.392733   15.068225
    4.488282   12.674678
  -17.017803  -17.399318
   -8.821687  -19.161389
    7.176732    3.731968
  -11.144459   -5.420778
   -8.842635    8.979771
    5.427656   10.990681
  -17.188538   11.578886
  -19.391871  -19.472957
   10.266448    7.924544
    2.116951   16.228549
  -12.846421   12.851531
   10.085894    4.451697
   -9.964462  -16.755550
   -4.863944    3.698982
  -10.304258    9.599677
   -9.869469   -7.599620
   -4.314124  -10.103350
   -6.256221  -19.997937
  -19.068905   10.548367
   -8.890749  -11.500793
    9.759578   11.227913
    3.148806   -7.297330
    7.932257    7.208752
   10.130252    6.988435
   18.524203   -4.134476
   -9.277239  -10.408928
   10.537440   -6.575781
    8.524096  -19.601188
    2.093213    0.335577
   -3.600419   17.819858
  -16.552672   17.289981
    8.518624    6.158632
    9.824862   10.318094
   -5.295580  -17.229159
  -18.434955   17.734639
   -8.650360   16.482208
   17.580917   11.631443
    4.209689    5.454366
   19.661888    0.749719
   -1.725635  -16.383449
  -19.587348  -16.072152
   12.168810    9.448716
  -14.985497   -1.078020
   -9.939482   10.588715
   -9.656608   19.488721
  -11.691767    8.390953
   11.851222   -4.932913
   10.412512  -15.850293
   -2.765158    2.188089
   14.409585   -1.953989
   -5.108501  -10.036902
  -13.355672    4.188913
   -7.378278   12.499478
   12.926045   16.514049
    3.390484  -14.095171
    7.111904   -0.258119
   16.342972  -11.788619
  -11.225510   -4.360809
   -9.767807  -14.866398
   -8.206450   19.089518
    9.544267   -8.505298
   -0.119732   16.720624
  -15.695738   19.406182
   12.223529   -3.929118
   12.581891   -9.916821
   10.083631   10.220814
   -5.327094    3.514959
    9.677237  -10.639417
  -12.162784  -10.418683
   16.276359   16.763700
  -10.786788    9.008831
  -13.789737    3.431045
  -18.011181    4.569274
   12.314518   -5.755667
   -1.258929   -1.681874
    5.493266  -16.409717
    8.628120   16.525118
   -4.997268    7.431842
   17.027804    9.894754
  -18.979961    2.912648
    8.580276   -5.709120
    3.859000   18.479112
    9.361714   -9.879300
   -9.947678    0.177462
   16.513685   -5.745061
   -2.606793    4.945681
   -2.020543   -9.625830
   11.289081   -8.528757
   -9.619023  -12.261278
   -8.021138   -9.512988
   18.063370    7.159989
   15.792275    4.404852
  -19.451088    8.972639
   14.959107   19.299723
   19.487969   15.011783
   16.156194  -10.691526
   -0.099901   -0.187184
   19.909198  -19.470550
   18.964882    5.359481
  -11.013207   10.234244
  -13.479717  -11.051452
   12.178752  -11.318273
   10.058732    9.626055
    8.531519  -10.132912
   10.769497   10.105957
   10.870596    2.628429
   10.808807  -12.406784
  -13.659050   17.385123
    0.102487  -15.478182
  -17.930065  -17.354316
  -12.120286    6.788051
  -13.221452   -6.614095
   11.233942  -14.392463
  -10.771274   -9.077778
    8.928126   10.358211
   -9.802445    9.026514
   10.886626   16.271693
   14.632773   -3.969877
    9.566005   10.094750
  -10.788627   -4.278377
   -9.585949  -10.119133
  -15.000091    8.749483
   14.007715  -19.814902
   12.876009    1.492869
   15.443284   10.696543
   -7.922986   15.263849
    6.093810    8.658373
    7.986185   17.332812
   11.442457  -11.411737
   15.839676  -12.184043
    9.006114   -9.126794
   17.727104   14.180852
   18.604079  -10.751124
  -10.715154   11.544363
  -13.168814   -5.321310
  -17.439038    9.821378
  -15.030044  -17.374376
   -8.497738    9.862525
   -5.077647   11.753950
   18.596749   -4.739979
    5.177742   -5.288751
   19.010895   -9.078736
    0.522269  -19.076327
  -15.049712  -13.072459
    5.396844  -17.706472
    9.006471  -12.028695
  -13.809307   19.602809
   10.595139   -9.053275
    7.117879   19.584591
   10.989698  -11.294369
  -19.604855  -16.812104
   -9.805027  -10.268125
   -0.609931   -2.402600
   -1.432197   -1.151360
   -9.687610   -3.728368
   18.060659   -0.067858
  -13.642583   10.270306
   -6.447776   16.011733
   -9.987809   -9.969496
   -3.948122  -11.277545
  -10.455060    9.879626
   11.365307   14.305759
   -3.203968    9.817879
   -9.564153   -9.764411
   10.178329  -10.305408
    2.107757  -15.284137
   -3.057146  -18.035122
  -10.423942  -18.101683
  -12.196917   13.246242
    4.867829   -5.344218
    5.853127  -19.439961
  -11.085545    8.661923
    5.975513   15.760518
    2.025481    5.396652
   10.653317    1.738531
    7.962071    0.099093
  -19.742354    3.526078
    9.507509    9.200759
   -9.622409   -9.451617
   10.587578   10.154022
    6.215839    7.781767
   18.392924  -17.444245
    4.270391    5.967622
  -15.972580  -10.086139
    9.802808  -11.731755
   19.640776   -9.159522
   -0.040178    1.950436
    9.442711   17.487662
   12.464134   14.255042
  -17.488179   18.395634
   -8.505377  -14.125780
   18.469517  -19.373044
   -9.050974  -10.108607
  -14.686384  -18.798364
   16.326048   11.124744
   -9.288620  -10.086738
   -4.134585    3.924707
    5.152102   -5.468699
  -15.492867   -1.553673
    8.116257   -9.467422
    0.567673  -19.769189
   -7.478412   -7.801034
  -12.432979  -17.254736
  -13.773933  -16.813774
  -15.541310    3.568336
   -0.788214    4.781198
   -8.552333   10.822400
   10.481787   10.270374
  -19.583672   16.187162
  -11.254179    9.725946
    4.170773  -13.142645
  -14.814006    5.723867
   -8.344509  -13.829204
   15.049387    3.094160
  -19.900268   11.092325
    9.512413   -8.199661
    9.969031  -11.805826
   12.875998   15.239571
   -1.394069    3.076432
  -10.784898  -10.182443
    1.140592   14.796642
  -11.441961   -8.696489
    9.087862   -1.496222
  -18.198816  -17.040288
   -9.267171   14.169420
   19.707641  -18.960180
    8.496523  -11.301307
  -16.735588   15.965268
   13.322695   -9.535594
   17.351164   15.817501
   13.275299  -13.650911
    9.768354   -4.764676
    8.760092    9.557771
   10.409773   -9.009577
    8.233733   -9.209991
   -1.297388   10.234421
   -0.439139  -17.414578
  -19.267555  -18.125786
    9.833810   -8.883752
    2.866321  -12.320258
    6.991898    4.167858
  -10.127638   -8.958136
  -13.080897   19.585837
    2.161284   11.962289
   13.324948   14.688604
    4.710541   -9.586355
   -4.322172   11.548707
  -14.299506   18.825590
   11.106354  -13.676713
  -14.804031    4.040010
  -13.998409    7.663377
  -18.733972   -4.423898
  -11.918903   18.504637
    9.190845  -10.769900
   -8.185860    8.208598
   11.416570  -11.076904
    7.205861    9.245526
   -7.787374    8.051166
   -0.688062  -14.483250
    4.871569   -4.480746
  -18.832709    0.861439
    9.334240  -10.543204
   12.288074    9.050733
   13.141914  -15.195517
   -0.618240   11.259337
  -16.906632   -8.820157
    9.396137   -9.690346
   -2.477389  -13.943716
  -11.069880    9.126331
   13.224701   18.508493
   -2.916612    0.182710
    1.879524   19.928655
   -7.487467  -16.308296
  -10.039105   10.368776
   11.983091   -1.601870
    0.160179    2.312347
   -9.560665   -9.817629
   19.647216  -19.184889
   10.444823  -12.299178
   -1.606942   -6.653090
  -10.123051   -9.846806
  -11.756887    4.912488
   -7.065422   -4.029473
    8.792211  -14.189365
    9.014892    8.534972
   13.242565    1.485319
   17.527299   -4.272798
  -11.552453   -9.664685
   -1.380750    5.879733
   16.061292   -4.117473
  -16.818391    6.502777
    0.368151   19.859566
  -10.458950   11.862178
  -19.728265    6.423348
   16.476618   -1.360215
    4.570115  -11.049612
   -8.651003  -10.217374
   18.844984  -11.653910
  -11.204617    1.488358
   14.358492    1.807190
    5.605048  -17.355541
   -8.639456    9.900637
   16.975869   -1.428853
   19.217506   10.520754
    9.976252    5.909635
   11.041924    5.496259
    7.115245  -17.139531
   -5.504982   14.584729
   15.364450   13.456637
   14.393010  -16.403667
   17.180696    8.621560
   10.807059   17.108160
    6.623137  -11.575546
  -10.495071    2.821110
    0.269024    9.566309
  -13.242930   -3.036684
   10.697146   -9.346766
    5.964760  -17.895779
  -18.408339   -9.602843
  -12.132084  -10.996240
   -8.511573  -10.714520
    9.384159   11.037757
   -9.641981  -17.757379
    3.487319    7.758416
  -18.007140  -12.741821
   17.892073  -11.415113
  -13.197672  -10.251129
   18.308378    1.143681
   11.535353   -5.137665
   -6.323188    1.070099
   -9.814705  -12.218784
    2.254693    8.255368
   14.709208   -5.593661
  -16.886066    4.484337
   -8.207957   -8.512149
    5.599347  -17.688722
    8.877527   -1.694910
  -13.233551   17.540360
  -10.387122   10.436337
  -10.262655    9.344772
  -13.809354   -6.322764
  -10.034158  -10.509252
   15.291423    0.510016
  -14.390387    5.524623
   12.210716   10.520684
  -13.945578    9.806651
  -17.834485   11.271964
    7.985748   -3.715165
  -16.222566   -8.561919
   19.775882  -16.879389
    6.961439   17.536813
    2.864580   -0.201535
   17.216572  -14.378709
   -3.330871   -0.236359
    9.975677   -8.657285
    0.369972  -11.508635
   18.769921    2.726299
   10.548553   11.502716
   11.637787  -17.101694
   13.332878    6.587324
    5.877739   14.480657
  -19.012839   -8.301939
   -9.947617   -9.306226
    5.998390   12.825675
   -1.148314  -16.550308
    8.992985   11.028797
   -5.537281  -16.321935
  -12.022011   -4.694265
   10.535188   -9.068915
   -9.036202   11.941731
  -17.843625  -15.323487
   -7.749449   10.547271
    5.614811   -5.305612
   13.840000    6.694725
   -1.296489    7.099218
   -7.083238  -12.506626
   10.412540  -11.054211
  -11.970418   -9.460418
   12.316589  -16.280723
   -5.878892   12.602621
   10.342036   -2.632622
   -1.021891    3.107732
  -13.125344   10.957660
  -14.755911   -0.509374
  -12.352124  -18.290218
  -15.052649   -0.956431
  -10.531884   19.949891
   -5.833574   19.677232
   12.521230   -0.123291
   11.058975   10.242115
   -5.878889    4.503413
    2.809549    4.203889
  -11.338756   -8.231865
  -10.130776  -10.366827
  -16.853690   -2.831437
  -18.504728   -0.428380
  -10.083554  -10.381478
   11.545013    1.925118
    3.301278   10.816539
    3.425864  -11.063901
  -10.674822  -10.423077
    9.010391   11.149863
  -11.697902    3.283020
   -7.618695  -19.909612
   11.603765   13.575694
   -6.659637   17.828800
   -9.918012  -10.778085
   16.396699  -18.825677
   -1.115577   15.252270
   -9.243328   -8.731330
    8.835119   -9.361242
   -1.676829   17.327469
    9.298037   -9.698653
   -5.316196  -10.755626
  -10.351214   10.878972
   -4.381671   18.622610
  -17.358928  -14.581108
    6.859805   -8.070582
    2.726871   11.626885
  -13.522102   -2.599072
    2.432014   19.975047
    8.957176    8.559877
  -15.196854  -11.092047
  -10.876720   -7.357428
   -7.784145   16.487960
    7.919090    9.766632
    9.915553   -8.710555
  -10.633564  -10.214507
   10.158072   12.632046
   19.297685  -13.966334
  -10.723856  -10.114154
   14.320940  -13.709343
  -11.950877   -2.119602
   -6.641603   -8.436168
   -0.002221  -15.264262
   -1.199273    6.870903
   13.296740  -15.398664
   10.442715  -16.715775
    1.604072   -5.383790
   11.884444   11.604098
   11.301215   10.187320
   -9.541734   -9.847242
    6.393161   -3.350353
   11.855674   12.438460
  -14.674911  -16.695971
   18.731930  -11.290539
   17.627424   11.142986
    5.696360   14.237561
   11.802388   -7.879841
   10.740507  -19.442212
   -7.300346   -4.292315
   19.666264   13.035540
   -6.201420   -5.990568
    1.944221   11.197519
  -12.981768   15.145205
    3.493565    5.590022
    3.182664    0.182708
   -8.956286   -0.991667
   -6.550746    7.092091
   10.171896    8.286349
  -17.661320    3.339994
    6.064203   13.118616
    7.682561   15.731008
  -19.313015    2.897251
   13.757037   11.967011
    8.635308   16.653499
  -10.017783   18.006466
    8.514601   -8.814681
   10.595064   -7.654908
   13.071684   -7.027769
   -8.200378    1.163531
   -3.533958  -17.595573
   -2.887206    7.135449
   19.078618    8.637182
    2.027434    4.506129
   -6.066600    6.078273
  -11.261847   11.894956
    7.667821    4.303040
    4.750071   -5.305547
   -8.759011   10.997225
   17.184986   15.138771
    3.570047  -18.834354
   -9.849051    9.125132
   -0.659353   -0.162021
   -3.068908  -17.801134
   -4.333224   14.127556
    0.757406  -10.893275
    4.490966    7.377227
    8.371417  -16.719636
   -1.795345  -12.710352
   -9.749963    8.866907
   12.181574  -13.287062
    9.228881  -10.910906
   15.064350   -6.950633
  -10.199940   -0.143159
   12.060448   14.263649
    5.721272   13.729091
  -10.977634   10.043794
   14.148313    0.086982
    9.487660  -11.199206
    9.037168   -4.648016
   -2.638654    5.923342
   17.980156   18.357174
   -4.210149   -5.016664
   17.413691   -8.992315
    9.447446  -10.468414
    3.115019   -1.611310
   11.233297   16.524691
   -9.492024   14.149898
   -3.317773  -14.439664
    0.851680   17.496981
    9.610146  -10.584848
    9.573904   10.294931
   12.782512   15.362872
    8.564484   -4.629177
  -18.360847    8.169676
   -9.874037    9.265388
   14.336243   18.808015
  -17.712817   -7.677251
  -10.512443   -5.312278
    9.363806    9.753818
  -17.251340   17.468724
    8.325356  -10.252187
   10.223564  -11.211359
   11.399302    5.076646
  -12.597073  -17.243240
  -10.714182  -12.497696
    6.837059  -19.182557
    8.493737  -10.569692
  -12.111376   -2.937594
   -2.515465   -0.041017
  -14.047297   11.833367
    4.198088    4.793789
    9.381380    9.944616
   -2.860117   -6.401889
   -6.512054  -13.598453
   -2.929678   19.743186
  -11.535027  -17.963930
   -8.119378    2.125135
   -9.428236   10.102448
    5.206629  -14.582975
  -14.536777   -4.566062
  -10.157154  -10.083261
  -18.848741   19.081563
   -8.498842    8.744663
  -11.806818  -11.433400
   -1.163441   10.302043
  -10.590529   10.437850
    6.629676    0.497028
    1.776192   19.704446
   -2.449740   -7.322745
  -10.902090   -1.582634
   15.975929  -13.659273
   10.382752   11.579225
    4.913645  -19.472523
   10.237616   10.411987
   -9.076157    1.440345
   12.547824    6.952736
   12.681808   -2.623083
   -1.196121  -19.264334
    7.267886   16.086274
   -6.158008  -12.099862
   10.183373  -11.185559
   12.609782   11.833774
   17.400868  -12.561043
   15.045307  -12.669743
  -15.149791   -0.471188
   -9.971936    9.655795
   -9.921597  -16.161600
   16.274598  -14.879309
    3.811166  -17.216402
    0.761491    4.908031
   -4.625275    6.668757
   19.001508   14.185656
   10.103323  -10.660369
    5.041301  -14.265150
    9.613073   10.823006
  -11.831969    4.713320
    1.876876   15.278539
    3.818939    9.283732
   -1.506814    3.971475
   15.965874   14.194167
   13.807586  -13.342197
   -9.735728  -12.132476
  -14.082609    8.413369
   15.109541  -12.863969
  -14.696801    1.514688
    4.641789  -16.432103
   -8.343857   -5.298506
  -14.559253   -7.023558
   10.609403   -9.069195
   -9.083432    9.488451
    8.159637    5.258402
    8.109068  -19.505973
  -16.952189  -10.788740
    0.210127   10.956662
  -17.759848   -0.013108
  -10.934035   -8.540130
    7.140902    3.019266
    1.007065   13.687963
   15.003581    2.563383
  -16.504571    1.469209
   12.412322  -17.179215
   11.315926   10.837842
   -6.300723  -13.999539
   11.570504   -4.435218
  -14.166863  -19.518053
   -0.570783   14.340267
   -8.791018   -9.560404
   -1.675011   19.324588
  -12.855980    6.555523
  -11.740567   12.625956
   -3.941291   -4.222386
    3.433278    2.496373
  -18.837888    9.588392
   -5.852487    8.029214
   -9.196813   10.586283
   -5.346361   14.154563
  -18.110155    4.161694
   -8.401533   10.874879
   -5.925196   14.624628
  -12.318699   -7.162895
   14.365387   -6.887224
   15.728828   13.854251
  -15.190255  -18.722692
   13.328958   18.198829
  -19.676113    3.442321
   -6.679156   17.245102
    1.921789    0.350492
   -9.872370  -19.575498
  -12.525709    1.196330
  -16.088939  -11.210960
   15.194821    1.460143
   -5.463283    4.564057
    7.215297   15.167526
   -8.635717   11.838662
  -17.393732    7.486765
    4.202460  -19.041550
   19.590991   16.206252
   -9.748184   -9.600016
  -16.174820   12.334694
    4.367711    4.718726
    8.718910  -10.329224
    8.269382   13.597530
   -5.479166   -2.861752
   19.595456  -14.142650
   11.315924   11.427393
  -19.449353  -12.517904
   -6.176674  -11.364177
    7.577337   -6.899312
    3.723471    6.765146
  -16.012134   -7.329733
  -10.351384    9.762269
    3.991966   14.448798
   -1.334736   -3.140309
   16.490697   10.188412
  -13.438963   18.418457
  -12.193014    1.807951
    5.091526   -9.838082
    7.078476   18.367762
  -10.005035  -10.654161
   -2.126506    8.178429
  -10.936233  -11.148313
    8.226645  -11.594162
  -13.320856  -12.975530
  -10.172015   19.694190
   -3.180515    3.712203
   -9.572595    9.128256
   -1.681708    9.971339
    0.425309  -13.005480
  -12.789027   -8.663877
   15.973306  -16.316313
  -16.781763   10.537733
   -9.607263    6.136163
   -4.395112    5.568503
   -8.442099    9.726540
  -18.087274   -6.568232
   15.236256    8.696760
  -14.779740    6.061612
   -2.594579    9.027807
   18.227947  -19.280681
   -6.121092    5.834533
    9.679169  -13.676924
    9.871133   -8.915349
    9.751724   -9.429425
  -13.985746  -15.535050
   12.107247  -12.592092
  -15.720188    7.765626
    6.436204    6.403912
    5.300809  -10.363441
    5.905560  -10.079587
   19.786800   14.113688
   -9.540426    1.833384
   -7.261904   -2.803437
  -10.854778   18.740894
    6.574467    8.974095
   11.074506  -11.997290
   -4.101129    2.956874
    1.877668  -17.539070
   19.390696  -11.653960
    1.393043   -2.701081
   -5.079916    8.767408
   -8.240950    2.545336
  -11.512147    8.646697
   19.326922   -4.977330
  -11.846852   11.154904
   11.858503   18.149684
  -17.497097   -7.429032
   14.315717   13.331109
    7.981125  -16.958790
  -10.387936   10.082909
  -19.530194   -1.750369
   -8.468668   -7.971732
   -0.492008    8.127467
    6.064768    4.150676
   -5.350320    2.310913
   17.436823   19.771035
  -13.315393   18.642170
  -10.589230    8.979047
   -9.123162   -9.634116
   -1.914053  -10.822895
   -8.675845   -8.893690
  -10.547712  -14.726197
  -11.868660   -9.283679
   16.764624  -13.605160
   14.471961    5.479405
  -18.461619   -2.507445
    9.720540  -15.348592
   -9.703053   11.337434
   12.565212    4.684816
    5.764149   17.420412
  -10.454147   -5.829003
  -11.943406   11.870814
    8.892742   -7.132380
   -5.742444   -2.737307
  -10.517435   -4.802530
    8.802868  -11.219848
   -9.017754    5.948168
  -16.777504  -16.857626
   -0.552431   11.229450
   12.756326   -4.577748
    8.076194    8.735845
  -13.041105   -4.226993
   18.895709   18.794474
    9.823283    8.769688
    4.523966   -9.065896
  -17.591492    7.180565
    2.447231   -4.702106
  -15.273278  -19.317424
   17.483209   -9.599658
   -9.790141    9.793546
    9.747456    7.015073
   -2.707584    4.651167
   -8.952931   10.623407
    6.623064   12.235832
   -4.100856   -6.107698
   -9.467542   10.100527
  -11.604190   15.697933
  -18.486331   19.059684
    9.138014    9.289896
   -2.872670   -1.924392
   10.083275  -19.536510
   -2.762822   -8.141930
    6.233762   10.751248
   -9.183817   13.658082
    9.832908    7.935818
    9.266150   10.101853
    6.569890   -1.518586
    9.924341   10.797131
   14.669921   -6.843884
   -0.410457   12.347200
   -8.928495  -10.873624
  -18.001608   19.095403
  -18.535306  -12.919096
  -18.051159   10.439519
   19.377144    5.134635
    3.123499   -2.861047
    9.563972  -10.391511
  -13.667534    5.365499
   -7.320095   -4.505098
    8.699854   10.298587
  -16.048999   10.908241
   12.556431  -10.776833
    9.471754    9.982082
   -4.951376   -4.614775
    8.130113   -9.756171
   12.116930   -0.551071
   17.469721   -9.168890
   15.287495   15.962957
  -10.600864   -8.749951
    9.350141  -11.237896
  -16.382875    5.292088
    9.409066   10.285500
  -19.182475  -14.936364
  -16.949863   -1.649756
   -9.038541   -8.913205
   18.648816    3.069030
  -12.179117  -18.388815
  -15.833589   -4.717354
  -15.127729   13.901118
  -11.908721    6.947132
  -11.322379  -15.944000
   -0.491247  -12.899112
   -7.848566   -8.449448
   10.513668   11.409374
    1.866624   -1.063904
   -5.243998   18.492255
  -10.229667  -17.340920
   -9.886271    6.610292
  -18.407640   15.519010
   14.919150    8.779635
    9.525481  -10.897362
   10.796666   18.045719
   -2.691387   -4.502150
   15.151408   -9.578763
   17.206015    3.670534
    8.405382    8.712781
  -10.262424    4.242973
  -10.984360   11.625902
   -3.819830   -1.567928
   18.523753   -1.511782
   10.863011   -9.272077
    5.232213    5.623021
   10.813285    5.759861
    9.598381    9.731399
    9.746343  -16.044508
   10.972713    8.819538
   18.342260   -1.417358
  -18.627106   12.259731
  -13.800290   -1.352810
   -4.753746    8.540439
  -17.193080   18.496231
  -16.821208    6.892788
  -16.829379   -1.858025
   -4.376531  -11.753440
  -14.612640  -10.352181
    3.388968   11.455445
   -9.894907  -18.888424
  -14.923501    7.695661
    8.514957    4.335582
    8.829858   10.936085
   -7.002398   -0.726489
   -7.199963  -14.897387
   14.353586    9.587482
    5.505070   -7.599611
   10.717786  -11.232318
  -11.094250   11.516904
  -17.570958   13.930083
  -15.592244   -6.511583
    4.786974   -1.304873
  -17.101099    7.914595
    5.379850   -0.734934
    6.564480   -6.565057
    3.041018   15.373811
    5.228453   -7.424219
   19.912409    8.379141
   11.445160    8.626432
   16.944054    9.523984
   12.914909  -17.322595
  -10.342870  -10.941051
   -6.281407  -11.819210
   -8.853777    7.863255
   16.173012    2.587068
  -17.558325   -6.793029
    9.924507  -10.894036
   10.094316   18.703512
   19.843831  -15.199357
  -10.981384   -5.304944
  -12.830404    3.245360
   -0.009503    2.546820
   17.201451    9.811309
   11.518379    5.367509
   13.368365  -15.737017
    6.421889   12.318295
  -13.679176   -3.122666
  -13.244786   12.727548
    9.119129    9.852477
  -18.167062  -10.704217
   -3.158707   16.462347
    3.986060   -2.170525
  -16.839331  -19.245535
  -16.793990   12.065698
  -16.341291  -17.927148
   13.174496   16.037098
   -3.785328    7.466597
   -4.955365   -2.253085
   -9.857068   -9.513068
   -9.430132  -10.728219
    0.075784  -16.761110
  -14.636061   12.536566
   10.710760   -9.841020
   17.768164  -19.010898
   -8.747022    7.339751
  -10.953333   -8.503812
   11.612101   16.051172
   14.032565   -9.060892
    6.619377  -12.892759
   -5.513141   15.547266
    9.785392   13.182245
  -13.650795    6.619735
  -19.076966   -0.079302
    1.289879   -4.067877
   -4.051380  -10.047021
  -16.746337  -18.566005
  -11.719388  -10.487011
    4.453749    5.811340
    5.572285    2.974442
    1.464881  -13.161102
   -4.029886    1.544497
   12.671769  -14.049178
    4.574711   13.718319
   -3.280649    0.559891
    2.274378   -3.443996
   14.023185   12.453547
   -3.278767   -8.990895
  -12.070056   -0.477504
   11.176150    8.266739
    5.306963   -3.908089
  -10.167126  -11.497413
  -18.436412  -13.718228
   18.870573   -6.448527
  -10.579972   10.685759
    8.207199   -7.415137
    9.259493    9.348395
    6.850299  -11.863668
  -10.032196  -10.569005
    7.658743    9.073114
    9.274295   10.532474
   14.306519    8.853188
    7.452970    4.003185
    9.948741   10.441653
  -10.241626   -9.408436
    9.895730   10.047089
  -18.219115   -0.055011
  -19.426291  -12.548179
   10.386170   -9.913566
    2.340200   -1.574315
  -19.727258    5.004704
    8.295803   13.356703
   -0.578007  -15.232293
  -12.783836   17.350085
   -7.753509   -0.058960
   -5.998517    6.068469
   14.744577   15.100553
    0.908387   13.110291
   -4.209964    7.507746
    6.333854  -17.688208
   15.609182    1.144056
   19.192848    8.735144
   18.377723  -19.118796
   -5.410077   11.641493
    8.585448  -11.629437
  -16.427229   -9.545525
   17.615735   -1.312630
   17.195455   -0.865300
  -18.869849   18.829568
  -10.554108  -12.786235
   -0.858701    5.889909
   15.226929   13.778566
   10.245339    9.382498
   11.745515   13.903957
    7.777077   -8.190294
    9.755494   -7.320600
   10.351760   10.459777
   16.467322    0.638023
   -2.167462  -16.798602
   -3.775730   10.145592
  -10.329692  -10.214193
   -4.532592  -12.745896
  -19.097885  -18.453768
   10.599934   17.686995
   11.566648    8.556213
   -9.865122   -9.767013
  -19.966733   12.192653
    4.664819  -18.815686
   -5.045779    3.912289
    9.701503    9.932163
    9.382743  -11.566579
   -1.684264  -14.138874
   10.097371  -12.971018
   10.060721    3.281900
   -0.153925   16.031553
   13.060124   19.987179
  -15.371753    6.296313
   -8.541162  -12.087537
  -12.706151   -5.209432
    9.675404  -15.639794
    1.247599    5.474107
    2.972769   -6.915148
   18.990527  -19.689279
    0.331209  -17.824360
    9.374362   12.197638
   17.262666   16.001903
  -17.857641    7.283580
    2.692175   -0.672440
   -7.637620  -16.613123
  -13.291885    3.328093
  -10.154410  -12.088980
  -12.527683    6.747159
    8.552746   11.723524
  -18.367072   -1.527766
   13.547094  -17.748428
   -1.777001  -12.873413
   -0.510114  -19.990128
   -7.053452  -17.426396
   12.822948   19.568445
   -6.297418  -10.705289
    9.130345    9.394419
   11.297867   -9.029456
    4.162169  -10.128264
   16.590367   -4.300857
    6.987342   -7.068887
   10.967391  -17.623271
   16.030063    7.941007
   15.418428    1.102934
   -9.983024   -8.057165
    9.625574  -11.205773
  -18.787206  -18.931287
    6.822312   -3.898589
  -14.826192   19.299789
    2.670025    3.540373
   10.684000   11.709066
    5.384077   10.124651
    2.156201   15.696313
  -17.881955   14.713503
   12.972550    6.691175
    0.297920   -9.881203
    9.951040    8.254737
    3.745006  -19.233923
   -2.739617   -8.304005
  -10.088433   11.276029
    8.871044  -10.064850
    9.978867    9.857075
   -4.960042    9.662087
   -9.766032   -8.659441
   -0.621068  -10.991835
   11.264534    8.782524
  -15.506571  -11.476127
  -10.575675    9.533997
   15.594643   -6.354753
   11.123116   -7.838553
    7.418376  -10.837355
  -13.468810   -5.399293
    6.661223    7.980584
    2.399397    4.716427
   -4.768283   13.684037
   15.997498    0.603485
    0.521726  -16.860176
   19.428820   -0.239340
  -13.885606  -13.543139
   18.600092    3.055168
   18.893551   -4.110801
   -9.004200   -9.928047
   -0.757413    4.221191
    7.177543  -19.924437
   -9.199403   10.455980
   10.284565   -2.504166
    9.455224   -6.547449
   19.969773  -12.097304
    5.789233   -9.155225
   11.807375    4.804964
    1.332436   17.058845
  -15.226049   -6.835289
   13.156028   12.261204
   -8.981441  -19.768304
   10.892924  -10.055961
   -0.571231   -1.972595
    9.253321    9.114554
   12.975958  -15.103462
  -17.597290    6.422139
   -2.065497   19.128623
  -15.270420   -7.963604
  -11.791287   10.787726
    0.312523   17.951790
  -12.787248   -1.786360
  -16.135024   17.722919
   13.057652   11.550845
    3.249734   17.485838
   19.959147   10.238208
  -11.217672  -11.687982
   -5.565814    0.760698
    2.775692  -17.705912
    4.308961  -10.829391
  -15.538796    9.014612
   19.686411   -2.694939
  -10.126793   10.067623
   -9.958798   16.681125
  -15.597660    7.340100
   -8.856946    9.130065
    0.241593   -0.522948
  -16.909658   18.858425
   10.769261    9.392590
  -14.900871  -11.843255
   -9.768202    9.786601
   -1.776844    6.954935
   10.237155    8.002196
   11.570523  -10.471950
   -0.827784  -17.251166
  -17.933765    7.043426
  -12.534981  -13.462488
    4.166339  -14.432710
   -2.702509   -4.557136
  -15.711964   -0.828574
  -10.291909    7.566695
    9.523500  -11.474149
    3.183206    9.088330
  -10.305411   10.595865
   17.318448    2.225118
   -9.829963  -10.711361
    8.840819    9.907496
   -5.426415   18.531001
   -6.698581   -4.890174
    8.777638    1.814180
   14.949987   12.701823
  -16.280176    1.336882
    5.972427    9.606235
   12.921379   -0.659624
   -9.775027   -9.399940
   -1.341819  -18.719034
  -17.196285   -2.395951
    5.467396   13.553154
  -12.081968  -19.426206
  -18.905710   -4.369804
    2.196477   15.986531
    2.704035  -19.112614
  -18.564274    6.290189
  -18.766572   -2.707532
   14.989683    2.303959
   -0.128925    7.470186
   -7.373038  -10.609102
  -17.245048    1.511326
  -17.311615  -18.611311
   -0.722252   -6.427454
   -9.985122    4.723492
    9.558612   -9.804890
   11.492663   10.950180
   10.572386   -9.583400
   -9.255112  -11.371236
   10.369850   10.520977
   12.227218   -0.435820
    7.094495  -12.284151
   -4.707614   -2.300353
   -1.881942   -9.607544
  -18.404214  -10.346381
   15.069458   14.464346
  -10.785794    9.672243
   -2.020331    8.218348
   17.429427   -8.392215
    4.890503   13.647441
    3.164876   13.565269
  -10.545459  -11.074074
  -16.723703   13.054255
  -12.514503   -8.958426
  -11.387342   10.831203
  -10.130956   10.117690
  -11.709262   10.491832
   -2.453075  -11.449670
  -15.280086    4.175892
   -4.755039   -4.529907
   -6.177389   -1.122737
    0.668580   -4.470053
    9.213833   -8.859248
  -10.268479    2.737361
   13.467789   -7.115783
   12.190980    4.187713
  -19.665062   11.681118
   -6.499956   -9.482934
   11.511455    1.517923
   14.461703    3.833448
  -10.693243   -9.315758
   17.783025   -8.776724
   18.344722    9.643905
   -6.239098    2.196963
  -18.045375    8.081871
   -8.354851  -11.301103
  -17.918392   -0.809243
   -6.227431   -8.975790
    3.951389    7.371162
    5.865507   -5.074523
   -2.695262   -5.785969
  -10.427359   15.652299
   11.818521  -11.797105
   -1.870088   17.618478
   10.635225   11.381031
   15.808512    2.470870
   13.773195   16.050549
  -14.280784  -17.582412
  -10.986234   -7.930858
   -0.546186   19.878701
  -19.926325   -0.651568
   10.188816   -8.734160
    8.824770   10.966001
   19.709829    5.671449
  -11.908740   -8.843819
    9.804302   10.130601
   -9.892486  -16.548427
  -17.587691  -18.560587
    9.320414   10.281461
   10.888815    8.964646
  -13.797980    3.757720
    7.708061   -7.398595
  -19.891751   10.427242
    1.557040   -4.354328
   -5.437357   -9.341105
   18.334152    3.835459
   -1.801887   -3.451761
   10.696566   13.349174
   10.572122    7.721519
   -7.603853    2.209100
  -14.329726   11.138122
  -12.980723  -18.768679
   14.539035   -7.256094
   -8.408273  -13.693746
  -19.044233   -0.785769
  -17.176451    8.091238
  -16.820166  -19.226015
   -5.277569    4.759593
   11.982849  -14.860550
    8.711173   -9.915255
   16.772313    7.449191
  -10.218143   17.625853
    5.532954    9.220071
   10.675660   -9.342269
   -1.572818   -3.179682
   10.547784    7.150640
   19.542701  -10.896247
  -17.722861  -13.722576
   -1.509132  -13.533440
    8.641938   -2.768175
  -15.210819  -13.662479
  -13.450152   -1.989416
   12.237710   17.112447
   -9.980719    0.066834
   -9.193321  -11.172631
  -13.385469    1.505516
   -6.631974   17.641877
    6.769441   18.925018
  -10.296485   -9.603144
   16.909127   16.227003
   -9.381162   10.000135
   -0.740466  -13.105682
   -7.515851  -14.643500
    4.854394   -6.916320
  -15.122217    2.280738
   17.135667   -9.211469
   15.698891  -11.549145
  -16.245384   19.479627
    5.973485   -5.564008
   -6.837782    2.295722
   12.369945    7.260965
  -10.386100    9.228693
    4.783662   -9.161022
   -8.720968   -4.675339
    8.986718   10.799760
  -13.273772   -9.106460
    6.959475   -5.715777
   12.380333    8.092061
   19.759013    1.635494
   12.270263   -9.466334
  -11.229204    9.887315
   11.144100  -12.633130
   13.176535    3.462859
  -12.846303   19.756945
  -10.971274  -18.906733
    8.288926    8.056394
   12.724634  -17.062252
    9.469110   -9.043137
    7.017333   11.217590
    9.714007   10.573185
    6.255658    1.912409
    6.179350  -13.247765
    5.832736  -16.986863
   17.207709    4.428434
   -9.749324    9.253346
  -16.052984  -10.152718
   10.738018    9.760975
  -11.953918   10.969082
  -10.010446   -8.404763
   -5.346722   -5.115852
    5.372701    0.329592
   -8.313902  -13.148219
   19.230660   -2.054604
  -15.007608  -18.524099
   -9.682575   -9.513565
    5.179218   -6.480738
    3.528154   17.085169
   -0.763029  -11.103695
    6.434675   -0.629325
    9.826696    9.747354
   10.765634  -10.102820
  -10.140773    9.661258
  -11.570175    8.627121
   -5.259218   15.774411
  -10.267432   15.458157
   10.831935    9.394912
  -19.327662   12.921567
  -11.327981    6.429013
  -10.639740  -11.198334
   -5.957947   -6.757938
   12.498951   19.352848
   -5.912233    4.810897
   -2.414737   -5.632223
    8.245625   -8.652743
   17.111587    7.200659
   11.521642   -0.078209
   -9.397418    9.013131
   -5.828147    3.808873
  -10.567099  -12.208514
  -18.641470   -3.549790
   10.831620   17.860273
    9.896717  -15.273022
   10.651899   10.634575
   15.106992   -7.146171
    6.446293  -15.179977
   -7.075056   11.965263
   13.392222   10.977611
    9.237930  -11.161675
  -16.707314   -8.784657
    8.677653   15.126121
   13.646972    2.413152
   -2.278723   -5.898966
  -14.421089    2.022784
   11.554143    8.293443
  -11.308687  -11.567185
   13.442494    5.836046
   -4.076028    1.778260
  -10.718769   10.259955
  -15.735870   16.892682
   -6.965932    1.180468
   10.346209   -9.922479
