   10.514032  -10.756124
   -9.470528   10.838027
   10.222414   -9.135197
    9.338933   12.350095
   -8.797643    7.252892
   10.459736    9.998613
   -8.983523   -8.250729
  -11.257523    9.455524
    7.993662   10.219862
    8.795320    8.717723
   -9.904234   12.426871
  -10.955137   -7.929991
   10.270864  -10.014523
    1.052425   14.768652
   10.543494  -11.253219
    9.982123    9.471253
   -9.860784    8.986140
  -10.646904  -12.245600
  -10.033727    9.984994
   -1.400022  -16.902088
    9.577483    9.883322
  -10.527278  -11.344552
  -10.261343  -11.455077
   -8.944797    9.212165
    9.588593  -10.851531
  -10.366915   10.553751
  -10.057919  -10.072220
   -9.840201   -9.372931
   10.356370    9.887557
   -7.411000   -9.716061
   10.843287   -9.068646
   11.307032   -9.074127
  -10.675451   -9.892569
   -9.029450  -10.862466
  -10.056565   -8.597661
  -10.408208   10.662654
    9.610785  -10.075244
   10.010600    9.841369
   -9.141018   10.026688
    8.559400    8.394416
  -10.741104   10.929789
   10.203105   -9.725570
  -12.774878    4.975912
    8.988254  -10.408168
  -10.039462  -10.119047
  -10.642472   -8.926581
  -10.500364   10.019884
  -12.175279    8.834964
   -8.794403    9.877731
   10.419209    9.761063
    7.852521   10.106853
    9.686694   10.155856
    9.587936   -9.231148
   -7.962939  -12.200388
    9.454734  -10.098356
   12.093738  -11.833381
   -7.826996    9.182254
  -10.184232   -9.344812
   -9.221060  -10.008625
   13.043715  -10.246333
    8.431874    9.780067
   10.328919  -11.125770
   10.681743   -9.324876
    8.791342   -8.948279
  -10.193101   11.035835
   10.763777  -12.238999
    9.091493  -10.637989
    9.900455  -11.273436
   -9.713003  -10.995916
  -10.094587  -11.681914
    8.701220    9.183821
   10.228294   -8.373658
   -9.352667   -9.735783
  -10.417640  -10.209196
  -10.502976  -12.101929
   -7.782513    8.152949
    9.397109  -12.542353
   11.613211   10.693946
  -12.403330  -10.928378
    9.935607    9.964879
  -10.123670   10.523010
  -11.248569  -10.684861
   10.715768   10.833872
    9.791673   -8.286196
    5.689222   12.677159
   10.701113   -9.674718
  -12.353199  -12.580338
    9.587759  -10.332659
    9.753613   10.009978
   -9.382980    9.583229
   10.670697    7.109922
   -9.949848  -11.180049
   10.352220   -9.779764
   10.609873    8.827084
  -11.197096    9.531271
   -8.754044    9.361084
  -11.763391  -10.457404
  -10.162396   10.338114
   11.881090  -12.305322
   11.802894   -9.549119
  -10.316953   10.461827
   -9.837641   10.698068
    9.380841   -9.126888
    9.673173    9.790319
   10.510119   -9.499510
  -12.099151   10.715456
  -10.227393  -10.661376
   -8.719947    9.376073
   14.372432   14.114572
   10.272432   -9.921988
  -10.198208  -12.630581
  -10.487631  -10.174063
  -10.156530  -10.165444
   10.656291  -10.900941
   -9.932325    9.434590
   -8.914223   10.810074
  -10.146226  -10.470492
   10.043859  -10.503050
  -10.519513   -7.597023
   10.527151  -11.014756
    9.285138    8.079006
    8.617694   10.741287
  -10.434819  -10.390086
   10.839981   -9.500048
  -10.829378   10.806304
  -10.440557  -10.896944
   10.490431   -9.855213
    8.878409  -10.440280
    9.475853   10.572566
  -11.747269    9.363089
  -10.174916    8.347275
   10.530055   10.584564
   10.852044    9.720141
  -10.009575   10.245475
  -10.490870  -10.870931
    9.302036    9.483089
  -11.083811   11.504626
  -11.264224   -8.614503
  -10.292615  -10.957585
   10.183456  -10.241129
   -9.281326   -8.244483
   -9.599077    8.126270
  -11.168167  -11.600194
    9.817926   -9.285625
  -10.218747  -10.502505
   10.136327   12.353977
  -11.561464    9.405237
    9.878529   -9.719037
    9.812909   -9.705004
   10.286294    9.131524
    9.068286    8.297230
    9.601078   11.813464
   10.822282   12.510763
  -10.467778  -10.486098
   -9.365827   -8.649422
   10.884803   -9.573188
    9.776037   -7.839703
   10.189489   11.277382
  -10.273628   10.862859
    7.907909  -11.505733
   10.826552    8.876866
  -11.664137   10.159830
   -9.109489   -9.474752
   -8.851055    8.305810
    9.477950    8.744978
   -9.064954   10.220406
   10.554382    8.987850
  -11.359977  -10.601704
   -9.909681   -9.553282
   -8.669187   10.237527
  -11.179894   -9.526330
    9.394028   -9.901984
   10.174953   10.336926
  -10.421090    9.831418
   12.564064   -9.673941
   -7.972169    9.083482
   10.633735    9.974290
   -9.892056    8.903700
   -9.877262  -10.755674
   10.025890   -9.480261
   -9.388684   10.112907
   10.449791   -7.978070
   -8.941594    8.578501
   12.280905   -8.234778
  -10.199597    9.142293
  -10.577574    9.649509
   -9.477925   -8.954822
    8.061549   10.541878
    9.778367  -10.390261
    8.886896    9.724863
   10.436035   -8.468644
    9.612660   11.940811
   -9.644888  -11.475821
   -8.715756   10.185945
   11.067305   11.104475
   -9.091753   -8.823521
   12.032777    9.354792
   10.168167   11.030375
   10.729673    9.819921
  -10.305417    8.971392
  -11.225867  -11.189332
    9.554837   10.109098
  -10.250817   -8.844975
   10.824707   10.297949
  -10.793904   10.341905
   12.007739    9.638084
    9.635078   -9.286559
   11.571580   12.289698
  -10.226186  -10.100919
    9.637319  -10.514303
   11.901853   11.263653
    9.198733   -8.870540
   -9.453117   11.084335
    9.523194   -9.062672
  -11.178743   -9.987235
   11.144174   -9.494881
   10.917388    9.466041
   11.170305   -9.089043
  -10.394606  -10.534224
   10.010717   -8.653524
  -10.982453   11.174923
  -10.196596  -10.115347
  -10.718780    8.982082
    8.788122    8.481544
   10.588067   -8.824907
   11.532891   11.140915
  -10.950858   -8.616884
   10.225565   -9.925261
   -9.645528  -10.421025
    9.096617   10.883302
   12.019282   -9.935719
  -10.515939    9.715908
    9.912742    9.531050
   -9.990409   10.076915
  -10.390385  -10.877579
   -9.761095  -10.313582
    8.645159    9.087017
  -10.604753   10.899924
  -10.187316  -10.856201
   -9.318801  -11.925120
   -9.445825   -9.740947
    8.472460    8.342400
  -11.038094   10.319156
   -8.856332    8.961936
  -11.142982  -10.343702
  -10.813814   10.206163
   -8.901449    9.051987
   10.514103   -8.966305
  -10.239946   -9.759090
   -9.644463    8.966761
   10.406872   -8.359770
    8.642162   -9.774173
  -11.194740   10.720228
   10.481983   -8.600131
   -9.589513  -10.539212
  -10.401500  -10.881213
  -11.769490    9.310297
   -8.357195  -10.285718
   10.973603   10.550737
  -10.162777    9.907639
   -8.744099   10.437290
    9.639304   -8.580397
   -9.475652   -9.492970
   11.593742   -9.625437
  -10.806920    9.558737
    8.778376   -9.347496
  -10.042055   -9.360206
  -10.468747   10.105606
  -11.455485   10.703028
   11.702745   10.692691
   11.586336  -10.694744
   -9.449068    9.092879
    9.859487    8.372852
    6.981851    9.800650
  -11.194662   10.447249
   -8.221244   -9.554940
   10.043971   10.284632
   -9.294828    9.191297
   -7.829245  -10.774000
    9.673059  -10.990550
  -11.914820  -10.288662
  -10.014829   10.770337
    8.457115   11.317503
   -9.403329   -9.795087
   -9.430417  -10.820197
  -10.510737   -8.570269
  -10.189731    9.882488
  -10.174161  -10.495830
   -9.952089   10.406171
  -10.659776   10.204232
   11.242814    6.813080
  -10.843798   10.446812
  -11.004145  -11.054806
    9.520797  -10.529615
  -10.130603  -10.227008
   10.537242    9.983379
   -9.659071    9.710257
   -9.123904    8.276589
   -9.134505  -11.036150
    8.859644  -10.269930
    8.407747   -9.970994
   -9.530228   10.699566
   11.694135    8.313131
   11.551403   -9.849964
    9.107777   12.676993
   -8.837805  -11.508509
   -9.173443   -9.727103
   11.384778  -10.454020
    8.225568   -8.950756
  -10.028231   11.333121
  -12.156600   10.797255
  -10.179477    9.033817
    9.534476   10.070983
   10.368579   11.178967
   -9.991209   11.090511
   11.687220  -10.255620
   -7.837965    7.838905
   -9.059331  -10.133800
    9.850783   -9.895568
    8.806467    9.612621
   10.034036    8.561308
  -10.835021    8.789486
   10.142302   10.510174
    9.702760  -10.677315
    9.984962   12.131323
    9.712723   10.738715
  -10.129148   10.170660
  -12.235026   10.689197
    4.920840  -14.478116
    9.946099   10.041407
   11.349798   10.315568
   -8.611688   10.813415
   -9.346837   -9.152788
    9.999211  -11.167366
  -10.923788   10.951862
    8.752024    9.246616
   11.364540   10.115295
  -11.084582   10.692203
   10.587927   11.210747
   -9.448974   -8.982238
   -9.200443  -10.831256
   10.152292  -10.269725
   11.397133  -10.322718
    2.190879    5.602478
    9.809604  -11.236247
    9.895089   -7.408063
    9.131681    8.971904
  -10.851989    8.704527
    9.673810   12.172786
   10.708287    8.239963
   10.321641  -10.475325
   11.549789   -9.302338
   -9.449959  -11.102867
  -10.566613   -9.996378
   -9.569974    9.312633
   -8.959139    8.920701
   -9.503183    9.484855
    9.635793    8.501155
    8.404504   -9.675666
  -10.960553   10.869246
    8.950543    9.337435
   12.016470   10.403306
  -11.058523   -9.947260
   -6.864036   -9.019490
   -9.852904  -10.613515
   11.477223   -9.565279
  -10.831165  -10.553700
   10.946282   -9.244262
  -10.046505   -9.049117
   10.907528    8.849371
    8.596793   10.776584
  -10.458534   -9.182429
  -10.459241   11.407031
   -9.056167    9.437011
   11.752767  -10.222127
    9.976807    9.017708
   10.393902   10.936237
    9.988726   10.548931
    9.314665   11.001303
   11.121082   10.549732
    9.200238    9.986521
    9.910933   10.193374
   11.121833   -9.702446
   -8.618831  -10.267851
  -10.654254  -15.727929
  -11.505371   10.891541
    9.832766   -8.698372
    9.875851  -11.270559
    9.327298  -10.505003
  -10.447210   -9.847413
   10.262689  -10.556685
    9.756107    8.964470
  -10.610195   -9.077324
   10.230432    9.796475
    9.774048   -9.690656
    9.360196    9.785438
  -10.820427    8.912622
   -8.552207  -10.095163
  -12.539488  -10.228801
    9.758618   -9.704337
    9.704154   -9.281972
    9.820841   12.475031
   10.929531   10.341172
   11.172010    9.856701
   11.076980   -9.639423
   -9.394809    8.361020
   10.652722   -9.899762
   -9.653062   11.796627
  -10.162462  -10.927251
   12.450508   -8.764301
