   -9.808374  -10.253338
  -11.173576   10.212770
   10.609248    9.260146
  -10.280061   -8.551895
   19.770927  -16.393240
  -16.211267   11.471030
   10.521425    9.380370
  -10.440621    9.990328
   -8.269677   -7.936556
  -10.133553    8.640433
  -10.898027  -10.136999
    9.541375   10.551903
   10.535059    9.672101
   10.135533   10.011937
    8.661891   10.585327
   11.283900   11.345059
   11.179806  -10.078538
   10.168755   -9.612473
    9.257320  -10.872544
  -10.861045   -9.542950
    9.687275    7.111774
   10.627980   12.220786
  -10.253572    8.829762
    9.482126  -10.898228
  -10.136412   -8.541174
   11.073648    9.566409
   -9.604993   12.157502
   11.604238   10.890385
   10.540677    7.997763
   10.277162  -11.035364
    9.216879  -10.278249
    7.144155   12.232630
   10.981068   -9.841604
    7.920695  -18.722834
  -14.348434   15.776245
   -9.969582   -9.724632
   -9.007685  -10.751883
   -9.437496  -10.561262
  -13.609700  -15.473841
    8.435734  -10.259633
  -11.603375   -9.190090
   -8.925886  -11.220340
    8.300145  -11.136927
    5.940744   -8.525762
  -11.179600   -9.546405
   10.062529  -10.631171
   -9.194148   -9.711764
  -10.415543   -9.937000
  -10.160147    9.171914
   10.948750   10.001484
   10.174276  -11.715212
   -9.871778  -11.875396
   11.182834    9.167918
    9.790664   -9.699335
   -7.884015   11.215556
   10.384693   10.399659
   -9.198699   -9.484969
    9.936119  -10.440808
  -11.144270   -9.964048
   -8.533891   10.805100
  -10.387367  -10.625401
  -11.512038   11.010991
  -10.795555  -10.342574
    9.296558  -10.860563
   -2.581455    9.155858
   10.906774    8.959555
    9.114345  -10.120552
  -11.659200  -11.173067
   -9.791422    9.494983
   10.537117   10.728026
   -8.697917  -10.169526
   -8.431761    9.133858
  -10.697048   10.800878
   -9.668338   11.473137
   -9.104817   -9.984102
   -9.943882   -9.578758
    9.714604  -10.064368
   10.280809    9.350690
   10.562958   -9.796189
  -15.141816    5.300249
   -9.015756    9.211982
   -8.399708  -10.618345
   10.185047   -9.323540
  -11.243402    8.734630
   -7.991047  -10.733757
  -17.502674   16.937058
  -11.460417    8.825173
   -9.854121  -10.444159
    9.182631   10.876399
   -9.884897   -9.453018
  -10.585822  -10.474774
    9.878459   10.570066
    9.470954  -10.300542
    8.974631  -10.758035
    8.298176   -7.529137
   -9.166751   -9.480980
  -11.957989    9.198667
   -0.093438  -15.158282
  -10.389238    9.202483
    9.782161   -9.971991
   -9.681419    9.521595
   11.045985   11.051761
  -11.781122    9.024627
  -10.771569   -9.844779
  -11.223792   -9.671232
  -10.619679  -10.253791
    9.402335  -11.619835
   -8.714858   -8.960935
  -11.794636  -10.343409
    9.588076    9.331531
    9.308845    9.189242
   10.453848   10.902172
   -8.280697   10.289340
    9.741306   -8.402975
   -9.352997   10.468870
  -10.446011    9.934164
  -11.959439   10.974021
  -12.242275  -19.393708
   -9.003579    9.068995
   10.259870  -11.009831
    9.370472   -9.119682
    9.528881   -9.839009
    9.693338    8.566296
   11.349969  -10.280513
   10.541163   10.443712
   10.817611   10.000387
  -10.328657    9.449814
    9.898462    9.057798
    9.637840   15.670268
    9.513734    8.913757
   -9.722763   -9.175731
    9.824429   10.209051
  -10.453269    9.589558
    9.244041  -10.360835
    7.709086  -10.594090
   10.478693   -7.929183
    8.795982   10.043284
   -9.468345   -9.950299
  -10.624511  -11.385734
   10.209657  -10.088303
   -9.637806  -11.053234
    9.919631  -11.009138
  -10.741413  -10.075373
  -10.049731  -11.008736
   -8.422710   12.150250
   -6.188338  -16.104416
  -10.838979   -8.977185
    9.137126    8.785418
    9.822548   -7.586280
   11.416286    9.451935
  -11.407620   11.254313
  -11.047792    9.186158
   -9.994115    9.493178
  -10.516548   10.332334
    9.632529   -8.649590
   10.089437    9.336704
   -9.565326  -11.108712
   -9.709347    9.458994
   11.732266    9.079385
    9.262392   -8.689270
  -10.440932   10.058279
   10.033238    8.000713
    8.343303   -8.439949
  -10.509056    9.119222
  -10.185871   10.062388
    9.107046   11.001376
    9.611169    9.624904
   -8.389055    8.965371
    9.741307   -9.556428
   10.346407    9.057325
  -10.917988    8.542589
   -9.857813   10.109745
    8.609807   10.266917
   10.209163  -10.710235
  -18.823933    3.053726
   -8.161369    9.190313
  -18.851974    8.211755
   10.205598   -8.686956
  -17.398446    0.167151
    9.189478  -11.566337
   -9.455040    8.557166
   13.459852   12.659418
    7.455165   -9.046452
  -10.553715   10.304975
   10.473744   -9.507710
    7.987987   -9.949683
    9.687470   -9.039647
  -10.333563    9.818455
  -10.968422  -11.398674
   -9.050332  -11.765545
   -9.759408  -10.683130
   12.766465   10.846027
   10.939041   10.347891
   10.211072    9.874760
    9.511290  -10.261936
  -11.942525  -10.779611
   -8.685787   -5.250401
   -9.930093    9.988612
    9.799701  -11.543314
    5.493532    6.351696
   11.354788   -9.629948
   -8.015098    9.558282
    8.962361    8.889971
   10.049187   10.606051
   10.610014  -10.051196
    9.167527  -10.001893
  -10.294447  -11.457631
   -7.939394    9.451940
   10.335987   -9.814484
  -12.047304  -15.487914
    6.058027  -10.045000
    8.676244   11.915539
  -10.563517    8.891884
    9.537384    9.891416
    8.711595   -8.305495
   10.497086   10.954911
    9.487433   11.095233
  -10.848555  -10.878645
   10.500023   10.609953
  -10.170440   10.678149
  -10.211746   11.295308
    9.393481   10.831666
  -11.144992   10.651864
  -11.243355   -9.785188
    8.312577  -11.278328
  -10.500805  -11.596006
    1.421376  -15.880388
  -10.325750    9.592721
   -1.986627   -2.305202
    9.708559  -10.601927
  -10.613964  -11.222659
   10.551685   -8.644299
    9.797205   12.151150
  -11.403465    9.037135
  -11.594700  -10.580125
    9.729726  -10.351187
    7.941421   -9.603983
    9.526713  -11.057169
   -9.450337   -9.264698
   10.039313  -10.559663
   10.893985    9.940279
    5.120302   -4.935872
    9.123523   -9.752497
  -10.149347   10.630484
  -18.136153    0.072175
  -11.784106  -12.069850
    9.857552   12.112712
    9.340158    9.097387
   -9.960260  -10.972922
   16.302407    7.691170
   -8.849259  -10.461497
    8.849145   -8.914024
    2.251913    3.203606
   -9.654036   -8.350195
   13.615864  -17.691873
   10.396133    9.601605
    7.865444  -10.563699
  -11.163200   -9.787808
   -9.774029   11.974049
   11.187659   -9.718827
   12.166255    6.402947
    9.602440   -9.317626
   -8.818021   -9.780406
  -11.550295  -11.081589
    9.082724  -10.239842
  -10.289244   -8.683463
   10.323020   -9.143802
   -9.305558   11.076920
    9.846734    9.268172
   12.135522   -9.816637
   11.006410   -9.951913
   -8.725702   12.059689
   -9.734528   -8.454598
  -15.074347    5.766437
   -9.476679   -9.863380
   10.624052  -10.546259
   10.732269   -9.946941
   -8.649061   -8.944476
   11.275536  -11.316744
  -10.809006   10.638733
    9.720375    8.473402
  -10.235897    9.827258
    8.905583  -12.028281
  -10.608050    7.164377
  -10.154638  -11.610524
   -8.480297   -9.861214
    9.617017    9.678525
  -11.635091   11.078012
    8.356278    0.723490
   -9.323664   10.089931
  -10.445542   12.084479
   -9.313211   -9.245664
  -10.353565   11.675402
    9.333504  -11.272779
  -10.493837   -8.872008
   -9.822980   11.055995
  -10.606152  -13.347431
   -9.001102   11.285491
    9.952419   10.538116
   -8.302518  -10.774101
    7.902479   10.815900
    9.789781   10.615941
    9.567591   10.101498
  -11.084845    9.288735
    8.597162   10.607297
   -8.945898   -9.262307
    9.263188  -11.638180
   11.009644   -8.379534
   10.349673    9.936315
    9.737638  -10.997673
   -3.279934   18.588425
  -10.014914  -10.228172
  -11.850026  -11.254985
   -9.255780  -11.691575
   -2.221192   -6.472257
  -10.677801  -10.988824
   -9.429066  -11.862653
   -9.252723   11.440174
    9.288121   11.731583
  -10.940566   -9.916878
    9.180483  -10.751625
  -12.688216    8.697495
   11.159807    9.563936
    9.842981   -9.706675
    8.760764  -11.488214
   10.130167   10.089552
    9.568839   10.477890
   12.055312    8.534448
   -8.769774    9.082245
   -9.780135   -6.576850
   11.674550  -13.558770
  -10.996727    9.004509
  -11.524611   -6.699019
   -9.693782    9.080168
  -10.994145    8.665344
    8.918707    9.369337
   11.774572    9.575764
    9.424116  -10.824366
   10.987257    9.296866
  -10.002501   -7.964948
  -11.747028    9.052795
   -8.951337   -8.969482
   10.617074   10.393508
    9.670393   -9.695298
   11.195514   -8.941906
    8.688094    9.926389
  -10.265343   10.407276
  -10.737911   11.202803
   -9.503850   -9.701790
   -9.726364   10.878530
   -9.538981  -10.234320
   11.056973   10.525908
    3.847134   -4.334625
   -9.282359  -10.505055
  -10.991463   -9.292809
   -8.977411   11.058877
   -9.496349   11.380125
   -9.063711    9.538761
   11.383938  -11.532784
  -10.326050    9.969501
   -9.670874  -10.627977
  -14.512251   -0.463659
   10.358269    8.618649
  -12.505412  -15.199396
   -9.693035    9.881890
  -11.224218   10.346257
  -10.547986  -10.224522
  -10.888801   -9.766035
   11.300010    9.927740
  -11.810362   -7.285668
   10.281509  -10.387041
  -10.212840    8.325923
   -9.937634  -10.577468
  -11.048315   10.770061
    9.626136   10.661244
   10.156251  -11.229196
   -9.138533   -9.860111
   -9.918345  -10.112374
    9.029100  -10.621234
  -12.827453    2.059190
    8.661043   12.345453
    3.403478   -8.931889
   10.194824  -11.417622
   -8.681364   11.276757
  -10.016956   11.139106
    9.262973   -9.920123
    9.510350   11.590409
    9.230056  -11.750672
  -10.543611   10.731451
    2.144489   16.000212
   -9.050200   10.818295
   -8.253165    9.698272
   10.672045  -11.085722
   -9.753789    9.340674
   11.120174   10.721945
   11.358269  -10.166721
   10.611001    9.356222
  -10.254483   -8.763361
   10.797274   -9.743718
   -9.999555    9.844841
   11.866101   11.550338
  -10.196991    9.925919
   10.260957    9.612272
   10.290467   -9.366196
   -8.857655   10.193752
   -9.473192   -9.565505
  -10.026406   -9.426992
    9.267330    9.568896
    8.718317  -10.094033
    8.063306   -9.581894
   -8.345183   -9.571544
   10.376814   11.959498
  -11.364280    7.870968
    9.018891   11.281938
   11.254859   -9.440771
   10.229198    9.655095
   -9.989150  -10.484730
   10.988117   10.057864
   -8.968312  -10.314666
    9.199813   -9.028385
  -10.348659    9.986783
   -0.267877  -12.637386
    9.964008    9.966494
   11.350689   10.122195
  -10.666827    9.654090
   10.325089   11.015835
  -10.498284    9.705360
    9.160028   -9.806876
   -8.717308   10.175540
   10.260871    9.869744
  -10.833406  -10.464143
   -8.275582  -10.248294
   -8.328068   11.575700
  -10.275017    9.136952
   -9.218495  -10.471636
   13.004432    8.581567
   10.567569  -10.633712
    9.720103   -9.596627
   11.180679   -9.465876
   10.160779   11.327068
   10.850410   -9.783743
    8.324576    9.771353
   11.235084    9.771159
    0.513618  -11.607359
    9.779680    8.940699
   -5.616705   10.257096
    9.287363    8.556018
    9.847848   10.488950
  -10.604405   10.658038
  -10.141426  -10.341564
