   -2.798529   -5.523931
  -12.333402   16.575617
   18.843733   -1.250399
  -10.494949    9.522368
   15.202018  -11.872753
  -10.474043   16.904409
   18.425063   16.163043
   -5.783741   -7.424690
    3.702211   16.494112
  -12.133709  -18.150595
   11.531362  -10.991544
   14.623424    2.141417
    4.038703   13.893553
   -5.777265   -5.458205
    9.733020    8.795210
    7.039766   -9.510187
   -6.713913    7.786220
    2.349203   -9.695612
    9.886094   10.372670
   -1.053432    3.494066
  -11.167392  -10.608810
   15.766506  -13.287538
   -8.502729   14.288516
   16.690296   -3.594475
   -8.828547  -15.908748
  -13.267419   11.487446
   15.191501   -1.946318
    9.468660   10.339214
   -8.867383   10.874710
   -9.318676   -8.296947
   -5.899945  -10.089733
    1.598512   -1.342977
    5.046463    6.059338
  -13.080597  -18.151241
  -17.344549   14.268456
   -4.838927    6.086173
   -8.116889    4.076403
    9.759819    9.878254
    9.203744    3.547503
    9.022412   16.283446
    3.778669    4.220998
   11.557785  -10.004158
  -10.043866    9.267945
    8.728644    9.989913
   17.983260   10.212607
  -14.527739  -19.041512
    4.912670   -3.970544
   -5.998663   15.193155
   -6.739847  -10.246813
  -18.357023   -0.254958
   -0.221224  -10.520504
  -16.298982   19.371269
    8.894179  -16.741507
   -1.681892    6.173092
    1.447760   -1.059600
   -4.075229  -18.055412
  -13.519605   -2.093629
  -16.523162    8.488250
    9.247580    9.402700
   17.510057  -11.129564
   10.999987   10.238467
   -8.902323    3.976044
  -17.133412  -13.465737
   -9.838673   10.075063
   -8.277925    9.732335
  -11.387717    9.597356
    6.832346   -8.950174
   -8.257604   -0.468647
   -5.584238    1.218978
   11.734480   13.001604
   -8.218417   -0.574751
   -6.506795   -3.666367
   -0.616515    1.728139
    9.736259    5.272659
    5.683976  -17.903033
   17.439060  -15.071236
  -10.534387    5.870961
  -10.634884    7.685668
    9.307721    8.911497
   13.137207   12.731053
   -0.376215   19.418032
   -8.456509  -19.643189
   -9.372021   10.903024
  -11.470450   -3.239024
    9.768430   -9.052205
   -9.017618   18.706796
   -9.935762  -10.501165
  -15.511444   -3.148585
   -9.045986   10.127238
    0.681519  -13.558423
    3.263356    0.023089
  -12.621018  -10.942986
   10.364365   12.259317
   16.449889    2.873437
  -10.362395    3.218660
    0.562138    7.614569
    0.459259   -0.917232
   10.611578  -14.110264
   -9.123118  -10.672017
   10.928713   10.991792
    3.388467  -14.888700
  -15.059969   17.467801
  -14.325634   13.763576
   -5.429061    8.481412
   17.419503   17.144433
    7.444378  -15.151172
    0.303789   19.385423
  -10.535168   11.305032
   10.024025  -12.468642
  -14.207824   -8.144604
   13.005990   -8.533207
    9.553288  -11.356813
    2.115510   19.184293
   -5.008274   13.065763
   -8.302999    2.998758
  -13.461646    4.770165
    3.989828   16.655121
    3.179841   -1.878996
   -5.984335   -5.969861
    3.541591  -11.400059
  -10.401890   10.929705
    9.478735    9.904572
  -16.783384   -7.719693
   -7.147349  -15.293551
  -18.491213    2.958688
    8.429107  -10.607763
  -10.993763    8.898542
   -9.080581    6.841067
   -1.057369  -19.607167
    9.643525   -9.310419
   -0.663061   15.453451
  -15.061729    8.391167
   -2.814660   -1.283838
   -9.689476  -15.111112
   10.262427   10.196895
   -8.925748    9.393762
  -11.191887    9.525718
  -10.753525  -10.636832
  -17.338480   13.167841
   12.191320   -9.485957
   -6.644218   16.339192
   10.730537   14.465264
    9.088090   10.429780
  -10.380807   11.297726
    6.919164    3.352022
    8.901394  -11.249973
   -7.198732  -12.522681
   14.909088   -1.616972
   14.240551   19.720310
  -17.866356   -9.479177
  -11.200568    4.689559
   -1.011002  -15.439328
    1.268670   16.871475
  -17.616713  -15.998562
   -7.206079  -13.847979
   -1.852834   -8.511141
   -9.360198   -9.884946
    2.876177   -4.084156
   -9.387919  -10.852826
  -13.838660   -1.995208
   17.363054   -9.603781
   15.583356  -18.784535
    9.276374   -9.690640
    1.669895  -18.247999
   15.009620    9.356256
    1.710862    0.796114
    9.112831  -11.026271
    6.266964   10.575564
  -19.750230    1.506577
  -11.058708  -10.715226
   -7.649604  -11.142194
    6.464248  -11.359120
    6.975066    2.811205
   -7.769886   -1.586591
   -5.955802   -7.710352
   15.824527   -1.735829
    0.933898  -16.256356
   -6.146274    5.502308
   16.361219    8.364690
   19.605095    1.477981
   10.242986    9.545756
   16.674724  -10.774037
   -8.796785   -8.830926
   19.081270   11.518644
   12.876653    4.549287
  -18.003029   13.778726
   -3.525489  -14.110197
    6.376898    5.906268
  -11.982428  -18.652149
   -9.994321  -10.135424
  -12.592019    7.676541
    7.980712   -7.743716
   12.160190    6.932712
   16.398344    5.322366
   10.062685   -9.198538
   -9.851229    9.751466
    1.598627  -16.414387
  -18.627405    0.072841
   -9.029224   10.975931
  -18.134861  -19.043695
   18.599515  -14.534317
   -8.961311  -18.177369
   -6.015979  -18.688582
   10.240589   -9.830488
   -7.901893    8.981974
   -1.825624    5.921378
  -16.496006  -18.688476
   -7.949456   -9.040193
   -1.607572    9.642386
  -10.760176   15.322093
   10.201838  -10.827533
   17.301754   18.151589
  -15.292981  -13.471274
    2.724414   -7.819011
   -4.944362   10.136171
   15.732614   12.962873
   15.832420   -3.805785
   10.603595    9.529972
   12.267817   16.429973
  -10.464448  -11.433886
   18.560945  -13.973125
   -1.313869    6.723508
   18.377194    6.061365
   16.148659   -8.628243
    4.454996   -7.329311
  -11.222298  -15.294611
    5.264113   -8.591494
  -11.097947    9.916731
  -12.437922   -7.055235
   11.061825   -9.598611
    4.683832  -16.933115
    8.731254   11.140962
  -10.374939    9.686915
   10.077840   -8.230051
   -2.633791    8.946892
   -9.874872   10.677904
    3.319377   11.805860
  -10.010418   10.476211
   -9.586803   18.940605
    9.854566   -9.800005
   15.936925   -2.245265
  -10.331675    9.868183
    7.966320  -10.831127
  -14.862205  -17.986928
   11.512806  -10.152365
   -4.499481    2.926400
  -13.337037   11.936268
   -9.351941   16.929843
  -15.729546   -8.745560
    6.497241   12.445778
    8.988463  -10.089260
    9.644449    7.790914
    8.350923   -9.596780
   -3.251218   17.927743
    2.409448   10.817857
   -0.709336    5.361601
  -19.087778  -14.032380
  -11.684832   -9.295603
   -9.326226    9.525837
   -5.203751   17.968499
    8.829484  -10.905140
   10.092887  -10.005082
   10.963763  -19.147092
   -9.196855   -9.955857
   -5.386325   18.920512
  -17.224596   -0.778353
   16.954024  -17.463387
  -12.123351   -9.153564
    8.667930    9.168131
   -7.895370  -15.354441
    8.499532  -10.845475
   -6.396551    0.618045
    2.644379    7.524689
    6.346980    5.006218
  -10.047603   -5.605563
    5.816928   -9.707279
  -17.117089    2.992597
  -14.073277   11.791004
    9.411935   14.926699
   -5.434760    6.360875
   16.461900  -17.733914
   13.114785  -14.581114
    6.877953    1.410686
    4.630851   -2.764874
   -9.804554  -19.799042
    9.443653    5.050549
    7.319466    9.307186
   -5.238618   13.694462
    0.438044    7.342310
    5.867022    0.040444
  -10.372729  -10.781537
   -7.764169   -7.148925
    9.881714   10.361800
  -10.307311  -11.457326
   -8.415440   -7.950211
   15.456984  -17.308221
   -5.717075  -15.128081
  -11.095396  -10.068997
    9.310407    9.337900
   -0.545402   -5.181229
  -10.575610   10.894195
   -3.010539   -8.136962
  -10.817256    8.173727
   11.525999   17.780299
  -11.673399    9.612716
   10.265037   16.685265
   -9.688766   -8.241754
  -17.938453   -8.796632
   -7.581271   10.188189
    4.629537   19.794796
   -2.163254   -3.978447
    2.978595  -12.262854
    0.283904    9.722001
   -1.349814   17.165973
    4.611526    3.224219
  -11.774368   -8.264151
   15.677370   -4.392124
  -10.911138    8.008089
   -0.637724    7.629475
  -10.829407    0.646522
  -17.332302    0.855953
   -9.085013  -10.076564
    7.327006   11.312771
   18.951505   -0.288274
  -15.605714   -6.843580
   -9.415968   15.082907
   10.257474   10.509152
    0.754214  -12.433563
   -9.987647  -12.216293
   11.272037    4.021967
  -15.194197   12.872560
   -8.532552    1.779558
   16.055078   -3.816139
  -10.626597   16.823511
  -16.097025  -15.409668
   12.296507    5.943730
  -17.636993   17.068024
    8.440532   11.810838
    9.825324  -18.594871
   -9.689518   10.518739
  -10.494685   10.201177
   -9.361247   -9.616979
  -13.792754    9.226313
   11.519924   -9.638886
    9.007987    9.049227
  -17.305170    9.290542
   -2.126484  -18.117170
   -8.469663  -11.545110
  -10.337513    8.837543
   10.324242    8.109945
  -11.147333    9.577106
    8.676602   -9.080563
   -9.786238   -9.342331
   12.400386  -17.664803
   -1.772265   -2.685746
  -10.577584    9.382584
    9.295852   11.205008
   -8.320587  -14.290049
    9.709188   -9.550457
   -9.412852   -9.809072
   -9.234311    9.606825
    5.759457  -16.498928
   -0.134608   14.492150
   -5.696852   16.033049
  -12.398892   -2.331828
   -9.151466  -10.484576
   -3.413901   12.953015
  -19.390938    3.813455
   -4.304651    8.484627
    2.628756   -0.941290
  -13.577744  -17.242763
  -19.926861   -0.185370
  -10.545234    9.749733
   -9.916226   -9.130052
   -1.161879    3.148641
   -2.253448    0.847527
    9.208838   -7.993784
    1.258692   11.920651
   -1.270742  -18.684698
    1.682409   -6.484778
    4.545856   13.027572
   11.394738    0.095648
  -11.069155   10.923801
   -8.437981   10.455913
   -8.011249    7.890509
   18.966147   -4.038141
   10.478409    9.170385
   -0.173401  -17.009981
    9.187478   -9.385475
    4.491613   -2.779610
   -3.763768   11.426452
   10.490309    2.431772
   10.436041   -3.638460
  -11.078251  -14.473823
    9.057192    7.564640
  -18.889608  -11.838182
   -8.001279    9.245173
    7.931663   -9.508616
   -1.698231   13.956278
   17.203488   17.674559
   -5.915564  -14.316641
    7.579019  -16.158889
  -14.209488  -18.297924
    3.720848   14.336200
  -15.054197  -15.953066
    9.152978   -8.346267
    9.176382    8.223115
  -17.253222    7.779827
   17.533089   -8.076272
    3.264191   13.245713
    9.066503  -10.861335
    1.656529   18.289238
    4.096393  -16.756657
   10.193152   16.865984
   -1.935782  -18.468786
   10.040123  -11.185440
   19.533048   13.370912
    6.185044   12.295422
   -0.385363  -14.153630
   -1.957996   -0.597883
    7.967066    8.334209
    5.553687    7.541767
   -4.335355  -10.073930
    8.227846   -7.637820
   -2.842368  -11.965769
    5.412018  -16.237641
   -9.150438  -10.124061
   18.628998    3.530400
    8.931103   10.500587
  -18.658014    2.985270
    9.462675   -0.520431
  -12.446062  -14.669246
    8.272926    7.565383
    9.543527   14.357078
   -1.826623    2.890334
   -9.006811  -15.799567
   -6.356327  -19.332412
  -15.847040   -7.618174
  -11.459859    8.310185
  -11.120732    9.592744
   -1.238497  -10.147595
   11.394014  -14.091450
  -17.092824   -3.898983
  -18.741674   -7.834007
  -13.785584  -16.346457
  -17.302568   16.607888
    9.877033  -16.501490
  -11.595038    5.086630
   10.352467    9.112115
  -18.880279   -8.479248
   -7.911651   -5.335055
   19.111024   -4.461896
    8.732762   -9.935825
    1.695013   10.172078
    3.543424   17.173187
    8.316556   -9.521854
  -18.598055    7.507818
   -8.983198    8.347848
   10.151407  -10.946144
    4.827342  -18.060439
   16.434292    1.818709
    7.277538  -17.515301
   -3.814983    5.545079
  -18.196708  -19.471034
    9.913608  -10.236615
    9.931825  -10.123597
   -9.167292   -9.813032
   10.836300   11.064023
   12.765805   13.743506
   -4.424806    4.564261
   19.067576    1.670997
   -7.772260   19.888800
   -9.772365  -17.395681
    6.126880  -14.770757
   -2.605414    6.028185
  -11.143668   12.883386
    5.850362    1.494851
    4.733288    0.327815
   -9.802022    1.120289
    9.440920  -11.182021
   -7.445518    6.244202
   -0.848663   -6.448175
    4.749074  -10.123948
  -10.344288    6.678398
    7.880739   -7.463876
   -4.472390    6.841389
  -11.368181   12.118025
    2.368657    1.523611
   -9.703263   -9.426276
  -11.497430   -9.990116
    5.305172   10.840460
   19.124881   18.939650
  -12.270543    9.005736
  -16.827914  -16.965031
   17.784730  -13.647615
  -15.297773   -5.438951
   17.569134   18.617221
  -12.273795    3.708615
    9.925022   -5.197997
   -1.557126    9.117938
    8.246231    9.493172
   -4.724337   17.317938
  -14.873809   -5.738376
   16.943105  -17.790881
    7.258430  -10.792828
    9.818799    7.638707
   -1.854017  -12.032443
  -17.011245    7.446575
    8.804017   -8.668546
  -15.196740  -17.455995
  -10.752670  -11.864133
    1.934100   -7.461716
  -16.073300  -16.758406
  -11.197739   -1.025117
   10.311900  -10.039177
  -14.289117    3.724992
   15.449956   16.858911
    7.743753  -11.340424
   17.528568    6.214920
  -10.023062   13.342940
   -2.501704   -6.532494
   -9.562919    9.418213
   10.280256   10.449051
   10.267353   10.106449
    3.856683   -6.231334
   10.925697  -16.595486
  -11.224017    9.073617
    9.850232   18.463646
   -2.969462   13.840216
  -10.192730   -4.960509
   10.893954    9.387839
    1.342001   -7.881579
  -15.443341  -17.742664
   11.795196   -8.212541
  -18.292946   11.300431
   -9.855692    8.992347
  -16.393500   -1.840178
  -19.608815  -15.423796
   -0.348942    0.040398
  -15.966075   -6.089174
   -9.294926   -9.376598
   -7.286901    7.582690
   14.961105   -0.208426
   19.129488  -11.845179
  -10.637376  -10.806276
   12.965331    9.038108
    3.828141    9.274561
  -10.359233    9.795288
   -1.522927  -11.201330
    4.621054    5.075436
  -14.924642  -12.047657
    1.494586  -12.671605
  -12.722205   19.458354
   19.044829   14.912753
    4.256576  -16.526441
  -11.484016   10.044680
  -18.540491    4.782042
   -8.294231   10.087728
  -11.657712    0.523064
    4.407638    3.873916
   10.457992    8.086206
   -6.460125    1.889418
   -8.628717   -5.994243
    4.445719    8.354627
   10.640575   12.608472
  -11.070800  -11.448850
   -9.114502   -8.330749
    4.811002   10.464362
    6.677290   -9.977714
   -4.265169   -9.852148
  -10.833902   -2.004766
  -13.269491   19.902318
   -4.325795  -13.093637
   12.008371   10.296074
  -19.959720  -19.976506
  -11.566636   10.958757
   -5.130563   -9.371193
   11.356631    8.913649
  -16.999179   -1.912987
   -9.309798   10.193878
   19.220100   15.063557
   10.317185   -8.689322
   -8.856297   10.469872
  -10.848493   -8.091373
   14.372542   15.849833
  -19.992885  -16.516431
    7.602959   -9.650475
  -17.517617   14.507761
   -8.327751    8.703466
   12.964200    7.715603
    3.206294    7.439016
   -8.785271    9.934256
  -19.377716    7.389316
   13.729776   12.179769
    1.068585  -17.821119
   -8.483778   10.408519
    2.520374  -18.842346
   10.290252  -18.823143
   10.646696  -11.948194
    7.483390   15.905238
    9.883094   11.582499
  -10.404787    1.386840
  -19.912514  -14.886919
  -11.736233  -10.960031
  -10.103740    6.694664
    3.287307    5.794393
   18.499771    9.317865
    9.705595   10.674418
    6.401522   16.460343
   13.918987  -13.251860
  -10.413385  -10.749021
    9.683933   10.252547
    9.650762    8.497926
   -2.103995    4.585899
   -5.838049   18.981616
  -10.800350   -9.052845
   10.159513   15.252077
   10.097377   -9.400304
    9.596826    9.549171
   10.234002  -11.355740
  -11.354765   -9.007160
  -10.303130  -11.031390
  -10.269447    9.582581
    3.318456   -1.158947
  -13.061915  -16.664530
    1.423850  -15.543263
    0.321545  -19.202246
    3.332231   15.009459
    1.152155   11.564576
    2.728655  -12.797610
   -8.706486   17.431343
   -6.533585   16.943813
    8.868022    2.040364
   10.203873  -10.007583
   16.229446  -19.503092
   10.127674   11.023980
   13.717814   14.511025
    7.725531  -14.163402
  -13.122491   13.547912
    7.089912  -15.304578
   -0.128315    3.952926
    1.148009  -14.019991
    8.842317    8.095421
  -10.557782   12.710905
   13.361151  -10.348817
   18.672888   16.068576
    1.990394  -14.667485
   -9.961673   -9.444032
    4.818683   -0.723609
   15.410060   -6.729715
  -16.572253  -12.335363
  -18.062485  -18.221187
   -4.016064  -12.311920
  -15.049992  -16.687697
   19.405522   18.470451
  -13.726310   18.794016
  -14.137934   -8.950535
   10.062382   -7.994676
  -17.046831   -4.057052
  -17.937177  -15.401009
   16.849329   14.726132
  -15.594473  -12.506884
  -16.435801    6.943938
    6.105288  -17.471804
    3.676878    5.705360
  -18.176444  -11.756153
    5.152981    7.786431
    7.846947   15.816144
   11.772679   -4.490499
  -15.921609    2.080365
  -10.881835   -9.547383
   -8.708080   -8.169669
  -10.667911    6.587041
   11.500078   -1.661157
  -19.909309   -6.028890
   12.091612  -19.345522
  -16.801676  -18.285667
  -11.802154  -10.078824
    3.842560    3.537402
  -17.710441  -16.206109
  -10.457803   11.233006
   -6.552326   -7.843541
  -15.740900    3.281692
    2.771332   -3.701032
   -9.439686   -9.045982
   10.433586  -10.156300
  -17.675644   -4.946066
  -15.209250    0.590093
   18.558113    8.852348
    3.858913   -9.247621
  -10.441764   10.251121
   16.136706   -8.940618
    8.379374   -8.666275
  -10.812565    9.344408
    8.960525    1.716667
   10.012457    1.632530
   -2.741368   19.082053
  -17.052946   19.254604
   -0.271628    8.363754
  -10.306849  -10.986945
   15.160824  -15.489234
   18.373373   -5.039109
  -13.367998  -17.882995
    8.627562   10.584015
  -10.107020   10.615449
    3.293806   -1.082394
   -3.771877    7.953106
    2.391001  -14.158290
   11.258729   10.178316
   10.701956   12.077837
   -9.268113  -11.709229
   -9.970735    9.971936
    9.044843  -10.511125
   -9.928337    6.910038
  -15.109916   12.739728
  -18.782243  -15.749215
   -2.033296    4.477293
   -1.775575   12.024479
    9.897789   -9.677994
  -10.364627  -10.543484
   -8.884064  -11.112942
   -9.677324    9.345618
    9.667929  -10.251253
  -10.685416  -11.493449
   -8.114785   11.836348
  -10.113249   10.740279
   -1.710527  -11.503324
    8.707840    9.281750
    7.375819   -7.002092
   -7.058862   -2.624930
   -8.600900  -11.941759
    8.376655   -9.796486
  -11.062756    9.285407
   11.028128  -10.536338
  -10.942164   17.094325
    9.150505  -10.933959
  -11.718812    9.656255
  -11.424625   10.977452
  -18.698737   -1.583657
   -9.934857    9.464885
  -18.179760  -17.843648
    9.270233   17.063955
    8.361023   11.458117
    0.977837  -13.876366
   12.928196   -8.146439
   13.245513   13.816532
   -6.507993    9.240068
  -11.246529   10.546004
  -18.880282  -17.224114
   10.520493  -14.819145
   11.433436   -1.603233
  -17.652020   18.812785
   10.993884   14.256218
    9.613241    5.607338
    4.280357  -12.330989
    5.409087  -18.513973
   18.159460   15.874667
   12.233256   -8.091411
  -15.844030   13.906748
   19.442761  -18.901668
   -8.286849  -13.125873
    8.815535  -17.655420
  -13.409212   -9.614938
    8.394199   15.414481
   10.712411  -10.099728
   18.518973  -12.036082
   -7.592966   -2.516451
   10.821971    3.666766
  -11.240109   17.159317
   10.166157  -10.440987
   12.506776   -8.792295
   18.616656   -1.220094
    0.139857   11.600949
   -9.844608  -10.789517
    5.657401  -10.703809
  -14.334226   -1.778665
   10.238260   10.912125
  -18.887367   -8.753234
  -12.946858   18.843496
  -12.680039    5.748096
   16.770350   19.994934
    8.653994  -11.081310
  -10.724040    9.313423
    9.816653  -11.448662
    2.538855   -5.638526
    9.855525    9.732838
   12.144156   15.514293
   10.198676    9.337384
   18.377490   15.815242
    9.148959   -9.739401
  -13.577039   -5.905015
    1.369006   -5.514832
  -17.410257    1.529034
    9.664560   -9.373135
  -15.931067   19.098804
   15.157731    8.680536
   13.861245    6.473389
  -10.221074   10.589370
   10.045660   -9.497316
   11.848507   10.706983
   19.589708  -17.835028
   -7.595179   -9.235132
    7.600144    9.884618
    9.934321    9.733617
   -4.905142   -9.270618
  -10.055672  -13.285475
    1.191928   12.868242
   -4.421928  -14.312462
   16.120131  -13.466327
    3.112577    3.408736
    3.390952    7.481355
  -17.894770   11.505007
  -12.579805   -4.173028
   -9.080870   -8.652124
    2.628108   12.808961
   -2.113330    7.197288
   13.418789    6.726145
   11.577938  -16.885118
  -17.404058  -17.534643
   10.277055    9.700401
  -10.717523    2.881785
    1.535465   18.037522
    9.442917   10.922004
   -4.560265   -4.211742
   -9.018032    8.663484
   10.366886  -10.062110
    7.736474    8.946295
    5.873396   -9.881619
   10.170251   10.109773
   -4.727303    3.049754
  -18.375483   -2.472815
   -0.380064   -1.222579
   -8.415505   10.336406
   -9.204840  -10.302060
  -13.666896    4.164145
   -9.250422    9.700703
   10.122640  -10.567844
  -18.136854   -1.304200
    8.429135   -9.000411
  -10.150123   -9.874852
    6.963209   12.848043
  -10.722184   -6.744827
  -10.838538    9.902051
    8.864305   -9.712304
   17.454513    8.054712
   -9.520631  -10.486477
  -11.302120  -10.146455
   -6.932159    0.800412
    9.587868   10.584728
   -9.869891    9.925393
   -9.903454  -10.791412
    9.969274    9.565841
    9.440560  -10.850117
  -14.713173   -5.089588
   15.506790  -13.342027
   -0.896553   -0.159520
    8.148652  -14.813725
   -5.398236    3.888053
  -16.709175  -15.015950
    8.290030    8.125479
  -10.039845  -10.955634
   10.678106   10.235711
   11.120269   18.291587
   11.439676    9.509147
   17.207279   19.824448
   -7.632236   -3.635761
   -9.547044   -8.659976
    3.885128   13.921284
   -8.802447  -11.267338
    4.789354   14.557404
    8.442120   17.486860
   16.680565  -12.093290
   11.037629    9.859798
    0.462861  -15.834952
  -14.849307   -1.822991
  -10.118858  -11.393157
   -5.226066  -10.345547
  -11.193070   -9.423434
   16.644095  -17.041513
  -11.401332   -9.971787
    2.754314   10.383752
  -16.079204    8.142905
   -4.028004   13.039451
   -3.331479   -1.814445
   11.082847  -10.682214
  -12.424780    7.348067
   -2.955385   -4.401764
   -3.038566   19.072697
    9.064423   -9.283599
   10.550707    8.762613
  -16.286631   16.668212
    9.252341   10.375049
    7.426015   17.656744
  -12.832447   13.386586
   -9.856249   10.318736
    4.944552   -0.882347
    8.116195    0.611053
  -14.307387    0.532865
  -18.905495   15.299134
    9.508695   11.464004
  -18.538623    8.959255
    4.169985  -16.085965
  -10.237584   -9.344830
   10.003837   11.201550
  -12.511633    7.916333
  -11.854105   10.389921
   -6.082372   16.033995
    3.004955    6.287158
   -9.544642   -6.232956
  -17.503386   -7.384627
   10.487495  -12.197531
    9.027886   -4.343625
  -16.667742    3.038314
    8.129033   11.160665
    1.987264   14.031678
   16.279833  -11.446093
   -8.729448   17.620139
   13.039716   10.883465
   -8.301677   17.491331
   -7.517773  -12.007922
    4.778090  -11.829698
   10.768688   10.992285
   14.140255    1.208042
   -8.479469    9.473663
   -6.912410   19.967454
    9.519687  -11.524463
  -11.665029   11.880036
   16.515797    2.679244
  -12.995569   -3.320404
   -1.942529   -3.538215
   -9.883449   -6.974273
  -17.202632   11.343948
  -13.287038    7.437237
  -12.255529  -11.482667
  -11.735011   15.467845
    9.971012   10.411341
   -8.414486  -11.871779
    5.462461    0.956961
  -10.503463    9.724374
  -10.634115  -11.104106
    3.427135   13.264028
    5.480616  -15.665454
    4.910678   -0.964939
    1.745055   -3.932990
   11.403099  -10.455898
   -6.522473   15.117934
    9.535108   -9.126031
    9.561532   11.248243
   18.243146  -12.814911
    9.812058  -10.213878
  -10.538536    7.625286
  -10.392312  -10.042729
  -10.074090  -10.980325
   -8.767937    6.156086
   -8.763825    8.931155
    8.450667    9.430208
    6.506130    3.160070
   11.738931   -8.733345
   12.583664    2.930325
   10.743396   10.077992
   13.581780  -18.755867
   -9.855379   -9.779864
   17.730244    8.104170
  -18.832932    9.406369
  -10.578334   -8.852212
    1.950774  -17.530075
  -10.227430    9.705079
   -3.395120    8.267693
   11.532757    9.539153
    8.969909   10.412073
  -10.059398   10.338624
    9.453729    6.529077
   -9.950344   -8.519810
   10.291106   10.969236
   -1.291021   10.484348
   14.213455    4.037891
  -14.737710  -18.601215
   -4.633913    6.721577
    9.581931   -9.477522
  -11.598039   -4.937585
    9.717003   -9.823295
   -9.982411   -9.515922
    7.138139    9.828443
    9.285687    9.663407
   -6.697261   -0.340271
   18.061763   -7.981363
   -9.621424   -8.905889
   14.575664  -13.145106
   -1.854027  -19.027356
  -11.235948   10.447857
   12.252596   11.297818
    8.074357  -12.373700
   10.642744   10.542421
  -16.550615    1.234539
   -9.933272   10.129952
   10.678861  -11.301218
   11.460216    7.787811
    9.615927    9.096915
   -8.707039   11.174171
  -13.496493   -0.552063
  -11.273651  -10.395924
   -9.453792   10.757633
   10.295670    9.626222
   -7.140338   12.366525
    8.540175  -10.124679
   -1.674730  -19.759910
    8.400512  -13.017006
   -3.141381   -9.733172
  -10.135882   -9.806748
  -17.009360  -11.705351
   -3.591103  -12.298739
  -12.846940    9.836526
    5.610099   10.853528
  -10.340718  -12.684113
  -18.533916    5.690542
   16.604110   -9.421316
   -1.564819    8.178246
  -16.706192    4.497194
  -13.868982  -17.369556
   15.919442  -19.034020
    5.862925  -11.938128
   11.429336   -9.483537
   -2.476879   -3.779286
  -10.127172  -15.015893
   -8.905717    9.690862
    5.859070    5.273672
  -14.014081   14.165503
   -2.459076    2.494174
    1.178507   10.495971
  -12.536717  -11.790782
  -12.917492    5.649069
   -6.945198   -9.509424
   -1.767332   -0.032223
  -11.049868    8.823365
    0.585687  -12.799751
   -9.029745   10.559627
   -9.268264  -10.599638
    1.766393   10.986107
  -19.016677   -1.187321
  -19.570714  -18.321830
   -1.346190    0.914638
  -13.754772    0.316543
   -7.756468   17.306926
   -1.616990    3.804128
  -13.777746   -5.595895
   -5.425745   10.652665
   -9.655557    9.333784
   10.246262  -16.177698
   12.397611    9.507055
   -2.854672  -14.021424
    9.685630   10.377943
   -4.243961  -17.863668
   -8.028501   -0.847123
   18.511370    8.761935
   -8.261768   10.504493
   -9.694716  -10.663114
    0.467749   16.557970
   -8.115547   -4.437336
  -10.547435  -12.232860
    7.895331   13.857407
    4.493915   -1.641428
    9.124800   10.722900
  -16.907102    1.162579
    8.399528  -13.825655
   14.550757   17.172673
  -18.233387  -10.058517
  -16.814576   -1.388411
  -14.038385   18.058118
  -10.873163   14.384356
  -17.688100   -8.446659
    2.429217    6.978588
    9.864222   10.274863
    5.020828   16.449015
    7.262480   -3.371257
   -7.334111   -1.745968
  -18.413822  -13.708437
   18.286934    9.184585
   -2.774783    9.227342
   19.301391   15.817666
   12.553629    9.566481
   10.756108    9.704774
   14.323872   -3.904653
   18.591489    1.867882
   10.159627   -9.847474
   -7.690106  -17.050521
  -19.552986   17.770733
  -16.274110  -13.622647
  -18.130404   14.600902
  -16.525662  -19.412190
    8.565970   -9.536804
  -11.489984   11.697156
   13.158279   -8.039094
  -10.391010    2.535932
    8.171974  -10.180571
  -14.074223  -18.509022
   16.614591  -16.016162
    9.177111    9.233569
   14.046860  -18.737006
   -9.467365  -11.906626
   16.574601   -9.935299
    5.671195   -8.225999
  -13.955356   12.378401
   16.944463  -17.466245
    7.908438   11.154809
   -8.994271    8.823786
  -16.696314   19.821718
    9.338773  -10.045411
    9.921800  -10.439356
  -18.362131  -17.164143
   -7.172441   17.537833
  -18.824015   -4.179413
  -17.984740    6.588246
    9.050107   -9.906100
  -12.055276  -18.826338
    9.067689  -11.307306
  -16.634065  -19.420982
   -8.095392   -9.455425
   10.372124   10.071374
  -11.616228    7.525464
   -5.101514   -0.301597
    0.402456    1.542282
   -1.648992  -16.132152
   10.660575   -6.850850
   -8.675802    6.068380
   -0.355523  -11.741854
   10.028637   -9.109746
  -10.260903    9.675402
   -4.633668  -15.495247
  -10.251688    9.199183
  -19.595827  -18.434530
    7.018494   -2.273498
   -2.039867   17.123579
   16.593183  -14.918963
   14.428172   10.247951
   -1.077194    6.064208
   19.281944   -6.181800
   -8.552966    0.452224
  -13.864084   18.710289
    6.672938   -2.532708
  -11.562055   -9.219966
   -5.571011  -16.517626
  -19.898236   10.192007
   10.040739    9.717656
   11.613667  -10.255353
   12.529564   -9.092415
   -8.833617    9.809410
  -16.995738   13.835763
   -9.668868   10.858383
   -8.823514  -10.824772
    2.115814   -0.473503
    7.491202  -19.253519
   10.494207  -11.330424
   -5.363958   18.749070
   15.166011   16.448171
   10.060771  -10.836135
  -10.192833   10.144674
   -3.476826  -16.369938
  -18.577226  -15.095109
   -0.002839   19.470729
   -0.269813   13.650160
   13.848965   -7.429400
  -14.975864   -4.449051
  -10.229336   12.025536
   -9.040857   10.657096
  -19.964687    2.678383
  -17.283498   -9.653498
   15.254764    0.452306
   11.239136    9.008965
  -13.825621   10.728939
    1.253612   18.087688
  -11.269361   -8.481845
   -9.603796    8.798673
   -9.866953  -10.087340
   18.649608    1.829385
   -7.837821  -18.800682
    8.658193   10.596140
   -7.919065   12.378508
    2.637079    8.056657
   -0.755118   17.337420
   19.780734   -2.808874
   -4.809409  -17.089215
   -8.694081   10.045223
   12.418276   13.331527
    7.638654    9.982025
    9.170454   11.170712
   -0.547802  -19.691189
   -7.671805   -9.954496
   -3.553365   -5.607663
   18.255485    1.840850
   10.944045   19.666741
    9.220489    8.413892
  -19.152127   -7.188781
   10.111939  -10.457838
   -2.336698    6.954263
    6.531348   16.092400
    9.178818   11.460296
    5.164045   -1.923142
   -1.725029   14.662416
   12.456710  -16.224113
    9.413297   19.794533
  -15.578477   18.022755
   -9.351444  -16.915479
  -11.551428    7.697715
    6.525125    7.307338
  -11.856597  -10.511034
  -18.424577    7.958707
    4.395680    9.246439
  -10.172034   -9.698679
    3.402426  -18.382099
    9.156091   11.614942
   -1.358979   18.653476
    0.835878    0.156111
   10.916221    9.653398
    7.836106  -17.905166
  -14.248525  -11.043283
  -16.399132   17.000424
   10.008147  -10.019624
   -8.483635  -10.520735
   10.579572   -3.703790
  -10.569120   10.610658
   10.430103   10.056059
   -7.070147   -9.056485
   19.703348   16.899518
   -9.664569  -11.287250
  -11.344225   13.116811
   12.790343   -5.824761
   10.988460   -9.018369
  -17.486410    3.478769
   19.233223   14.583355
   14.760090    8.599313
    9.124329   10.723995
   12.764319   18.168676
  -10.801974   11.333213
   11.379531  -17.566702
   -4.592439   -4.696835
   10.610804   19.142384
   10.355310  -11.895981
   -7.978109   11.753073
    7.379558    5.287280
    9.600786  -10.384386
    8.604991   11.091345
  -15.964773   -8.590290
   15.344151   11.791782
   12.381024  -10.454307
    8.711790   -4.158761
   19.666796   12.836065
   13.349733  -18.351623
  -15.297565    7.862029
   -3.549463  -11.038229
  -10.009788   -9.722489
   18.087386  -12.742249
   -6.743036    1.463559
  -12.094945  -19.648654
   10.177918    8.931572
   -3.098173    8.783773
  -10.422062  -10.802684
    9.487564   -5.113461
   13.591541   11.925491
   -2.852961   13.635432
   10.561142  -10.141797
   19.809087    8.229739
   -8.354961    0.195595
  -12.607765   -4.728392
    9.984551    8.536473
    1.270487   18.564467
   13.921213    0.842649
   15.373883   17.905174
  -19.500434   12.990780
   -8.925331  -10.034006
   12.468881    0.772039
   -9.543627   10.043072
  -10.082071  -11.522011
   11.530768  -19.602694
   -9.700444    9.814998
  -10.072464   -4.418930
  -15.916225  -16.824363
  -19.945441   19.246758
  -15.097419   -3.593810
   16.836685   -8.845933
   -0.720434    2.185643
  -13.392006   -2.734573
  -10.093992  -10.728544
  -12.966474  -14.959917
    2.541343   -1.291649
  -11.250091  -10.626182
   -7.607717  -18.239596
    5.254466   14.515263
    8.543228  -15.623124
   13.038697  -13.951189
    9.966093   10.573111
    8.730849    7.090734
   -3.547137  -13.629271
   -2.463096  -10.406573
    7.657082  -18.119273
   -9.687522    9.469096
   -6.090108    3.046345
   11.590668   -9.863866
    8.860610   -0.987689
  -12.634384  -13.797495
   -7.403975   -0.144765
    2.859468   18.650209
  -19.343054  -13.044825
   -2.551517   -8.444609
  -12.421167    1.839571
   10.807628   18.995271
   -8.927696   -9.664939
   -6.020005   -2.767208
    3.229092    9.323888
   17.428019   -8.197210
   11.043668   -9.607625
   11.263521  -10.275413
   -9.548047    8.942569
   11.640164   -9.600203
   -6.176089  -19.574249
   -9.442745   -9.775070
    2.965036    8.385878
   18.803300  -13.859307
    1.221126  -19.335661
   -8.293590  -15.591523
    1.116100  -10.697930
   16.855387   -5.707676
   11.555033  -11.079122
   10.448930   -9.729029
  -17.579281  -17.025986
  -18.315093  -19.354006
  -13.356178   18.719744
   -8.507474   10.985069
   10.638442  -11.545053
   -9.494552  -10.083614
    9.484833   -9.318085
  -17.369316  -11.800088
   -2.493980  -11.680232
   -9.032007  -10.805029
    5.038315   -0.717101
   17.470003    9.503067
   14.411777   -5.250804
  -10.218988   -8.325168
  -13.016689  -12.087945
  -10.689065    9.618088
  -10.319738   -9.792498
   -1.307338  -16.754229
   14.335875  -14.644142
  -18.545173  -14.024475
   10.795415  -10.489086
   17.397893   16.708082
    4.911673   -6.089208
    3.290456   13.328601
   11.122610  -15.461080
    2.401339   19.378664
   -3.953639   -4.504490
   10.564087    9.456467
   -2.859235   11.681864
   14.786704    1.699319
   -3.394196  -10.916312
    3.765319  -12.951063
  -15.097446  -17.335615
    0.885775   14.129988
   -2.557116   13.947106
   -3.907350  -11.752755
  -10.182310  -10.421987
   11.110218    9.795512
   19.165446    8.186024
    4.394705   -6.239994
   -9.612148   -8.287830
    9.464707   10.468354
    6.551010    2.722789
  -11.549483   -2.583330
    9.657627   10.635394
  -13.366894   14.811753
    5.000959   -4.528095
   -8.744755    5.825694
    9.453516   13.038629
  -12.250463   -6.317313
   19.904513   16.438120
    4.933606   -2.917492
  -10.683979   11.268346
   -7.481192  -18.556396
    9.533800   15.211382
  -19.535765  -13.430632
   -6.343957    6.079992
   16.897302   11.164823
    9.740043   10.860184
   -2.553622   19.879202
   -9.682017  -13.837909
   16.275745   15.737761
  -10.283785    9.536720
  -10.568350  -13.230902
  -11.997635  -14.660505
  -11.927056  -11.109298
  -15.658536  -12.828290
   12.996233   -0.983220
  -10.340136    9.739149
    9.549982   -9.612050
   -9.890409   -9.457577
    7.200328    3.216793
    8.223505  -14.243642
   18.801603   -1.708078
    8.227172   17.351313
    4.063107  -18.414640
   19.003226  -13.139399
