    7.914822   -9.792560
   -1.197088   13.137824
    3.399932  -16.758655
  -10.834514   10.937188
  -10.318027  -10.611218
  -14.444728   18.151721
  -10.129578  -11.728486
   -6.445213  -18.167955
   -9.921842   -7.784987
   12.491986   11.343612
   12.935209  -18.661603
   -9.680785  -16.862676
  -10.446362   -2.391286
   10.526804   -9.447252
  -11.742122    8.898804
   -8.660105   -8.099769
    8.688230  -10.888036
  -17.159996   -0.923146
   11.092680   -9.229313
   10.850193    9.170039
  -10.193804   10.771892
   11.058983   -9.394168
   -8.107146  -10.354426
    5.980737   13.092499
   11.825477   -9.503518
    7.778511   17.676083
   -9.345773   -8.688810
    9.447547    3.765545
   17.097713  -15.133995
   -9.991541    9.381803
  -14.569082   16.219897
   10.955365    8.981523
  -11.183637    8.545116
   -1.514037    6.281005
   10.751332    9.877366
  -10.151590    9.680689
    7.449665   -6.515297
   -8.876494   -8.093628
   10.489375    9.980027
   19.818531   -3.786864
  -12.845964  -17.680904
    9.595400   10.381392
  -17.607939   -3.292755
  -10.299545  -10.816471
   -4.069085    4.865080
    1.515591   12.669277
   -1.787249  -18.360805
  -10.337326    9.761969
   -9.871636    8.577856
   15.685307    0.794659
    4.575340    8.240490
  -13.622430    6.915509
  -10.308223    9.399957
  -11.054756   13.122454
    1.885323    8.063377
   -6.173228   -1.889875
   17.155312    1.052186
    9.550681   -8.554423
  -14.624540   -8.465759
  -18.131830  -13.300852
   11.056946    9.153000
    7.456391   12.986343
  -13.667620  -13.330944
  -19.429067   -4.938833
   -2.711634   -6.078392
   10.640969  -12.383784
   10.382195  -11.091486
   -2.361152    0.998604
    9.629598  -17.976629
   -9.452583   10.697413
    8.881877  -12.995813
   19.232885   -6.914353
   15.785881    4.557459
    6.937146  -12.773464
  -17.036568   -5.073427
   -4.057080   -1.045785
  -10.920467   -9.141122
  -10.350980  -10.400765
   -9.886560    8.298493
    8.117676  -10.260602
   10.110418   10.300062
   10.578693   10.196067
   10.602326    7.549424
   10.043159    9.465765
    1.938306  -11.200210
   10.850185   -9.304472
   -9.915737    3.714503
    8.397119  -10.178731
    5.767123   -9.453104
   -9.143984   -8.559668
   11.125636   12.399934
   -3.469369  -19.621232
  -10.516865   -9.477105
   10.258112  -17.848605
   -8.837925    9.094716
  -10.080865    8.727179
  -18.314775   -9.735939
    9.115150    8.501854
    4.447711   -6.685132
  -10.477144    8.392149
  -11.756553   -9.710965
  -12.986740  -19.081384
    8.770751   -9.203935
   -9.049141    9.187176
  -19.058878   10.455053
    8.555898   -9.665571
   -8.844490   -2.433533
   -1.174649  -14.761238
   -8.827512    1.528459
   11.780961    8.476676
   -9.143876   -9.638190
    9.916410   11.242044
  -10.922370   11.593646
   12.168236  -17.437782
   14.285766    0.153782
    9.735927    1.568808
    8.250896    8.590037
   -9.758853  -10.542391
   -8.631165  -10.257972
   13.748308  -11.523936
   11.099144  -10.556662
   -8.661481  -10.799004
   10.033734  -12.139608
    0.276680    6.917484
  -12.133383   10.406813
  -12.593624  -17.674204
  -10.179969   10.818858
   11.280252  -10.711968
  -18.497252  -15.564212
    5.795851  -13.632393
   10.284039   11.467115
    8.985303    9.725346
    8.560893   12.295675
  -10.268620  -11.469157
   10.317130    7.519354
  -11.008116   -8.291704
   -8.237150   12.887942
  -17.943018   10.576102
  -12.595113  -17.183979
   11.252096  -10.911241
   13.752782   13.829537
  -10.046586   11.472479
  -13.786909    2.222163
    1.659601    3.589696
   -9.550293   -9.713869
  -19.189979    1.799806
  -13.166290   10.123742
  -10.955186  -10.221321
   11.344412   10.621891
   10.525948   10.719604
   -2.315524   -6.129003
   -0.492735  -11.800634
    2.886216   -2.582029
  -11.625371   11.454723
   11.521437  -11.527932
   14.419765  -14.423874
   -3.491255   14.558525
   -5.274178  -12.051910
  -10.644208   -9.662540
   15.558815  -12.771054
    0.145222    8.497003
   14.395818   12.313868
  -13.088217   -2.294057
   -8.342970   10.863012
  -17.947402   -0.263894
  -11.871146   10.312405
  -11.386779  -10.107494
    9.314358   10.121510
   -0.444384  -19.116542
    0.731755   -4.836178
   -0.564648   -0.095610
  -10.880448  -10.201371
   -7.081871   13.748479
    3.010373   15.305976
  -10.496914    9.059010
   -9.679311    7.964481
  -12.141246  -12.189771
   -9.293739  -10.053784
   -4.793572   14.049565
  -13.613810    3.119660
   16.610964    6.832450
   -9.857261    9.852039
  -14.654943    4.420959
    9.657415   11.593483
   11.380520   -9.192291
  -10.578037   17.694536
    3.641115   -6.840672
  -14.342867  -14.082826
   10.119016  -10.897494
   -8.018172    9.468443
    9.683479   10.807595
   -9.530206    8.486424
   -9.303704   -9.123032
  -11.263531   -9.371958
   -3.240515  -15.862165
   -9.161063    8.512292
    8.751161   10.873830
  -10.344444   -9.609320
   -9.452486   12.023897
    8.414542   -8.139534
   10.288393   10.319675
   -8.617230   -9.690910
   -9.335031  -10.535168
   -9.484626  -11.662607
   -0.895165  -12.538293
   -4.985187  -13.545536
   -8.610044   -9.536978
   -9.810633   -8.539449
   -9.520253    9.050373
   -9.627366   12.574596
    1.977695    9.466921
   10.044442  -10.432636
   11.601011    9.315270
   -8.723927  -11.282559
   -8.496006    9.597846
  -18.687658    7.469113
   16.269016  -12.204617
   14.956636   -8.376295
   -9.326926    9.100929
   10.095901   10.040281
   -9.088528    9.886769
  -14.439919  -12.011937
  -10.655315   10.142940
   -9.814778  -11.425427
  -15.560912  -17.499161
  -11.073073  -11.171833
  -12.702652    8.602231
  -15.278806   13.236486
   -7.276014   12.781108
  -16.249052  -12.723582
   -8.470372  -10.914624
   18.380996   -7.341507
   17.209410   16.668340
   -0.059115   -8.078542
    0.138074   11.671714
  -11.844413  -17.648023
   17.357840    9.374866
   11.935395    9.757644
  -14.398295   -3.943532
   -9.357770   11.422499
   -8.439203    8.745566
   -6.685112    0.251743
    8.419891    9.873403
  -13.639279    4.230139
   12.378103   15.918269
   -9.926784    1.520836
    9.316458   -9.559182
   -9.971124  -10.793475
   10.147233   12.534195
   -8.283342    2.519574
    6.503022    7.065565
  -19.292956   14.173927
    5.091013   -5.287324
   12.497316   11.611609
  -11.122871    9.019201
   -8.223406    9.622955
   19.200507   12.720999
   13.943027   10.036783
   10.240161   10.228235
   -0.605620  -12.865274
  -11.039420   11.139452
   -9.649598   12.744137
   -2.764850    0.001322
   -8.127870  -10.549356
   10.558110  -10.236806
  -14.566133   18.931268
   -8.978042    5.890611
   11.648317   -9.783785
  -17.893026  -15.328903
  -10.485986   -8.413303
    8.034808  -18.306053
   -9.331059   -8.848823
    3.301559  -13.229943
    9.224016   -4.917331
  -19.132636    6.725281
    7.692641   -6.517240
   -7.993703    9.519242
  -10.085002   -8.679379
   18.042010   -4.315308
   -9.860096   -8.178829
    7.714750   19.332174
   -4.669880  -17.890227
   11.113425  -10.363345
    0.557374   -8.501119
   17.864549   13.887420
    9.382645    8.842365
    9.001523   10.935897
   -8.955918  -10.756065
   11.503594    9.973511
  -10.334958    9.447780
   11.588256   10.710814
    2.110743   -3.870202
  -19.570227  -18.249685
   10.931879  -10.736734
   -8.985295    8.279845
   -9.595010   12.102723
    9.575278  -10.100940
   12.573907    3.864333
   14.274273  -18.638173
    9.764336  -10.204111
    7.733333  -12.704956
   -3.165548   -7.207566
   -9.929383   -6.671487
   14.138304   -8.110828
   -9.609194   -9.980999
  -13.539336    5.942410
   10.072235   13.516008
    8.436986  -11.188387
   10.510985   -9.232899
    2.455170   10.123220
  -12.901988   -0.318725
  -10.235746    9.735034
  -10.227626    9.054152
   12.549953   12.199964
   10.663489   10.999145
   10.234365   -8.246147
   10.419078   10.810834
   -1.731032   -4.188209
  -11.953955  -10.091277
  -10.680022  -10.431742
  -12.381733   11.417435
  -13.841851    3.688737
   14.473865   -9.017113
    8.445109  -10.974270
    9.308196   -2.508948
   -9.981619  -10.701554
   -8.973603    7.826332
   19.247494    5.328476
  -10.913640   12.622291
  -10.238856    9.886809
    8.769883  -11.848309
    1.499325   -5.164973
   10.044297   10.992186
   11.013117    9.905991
  -10.486647  -11.044023
  -10.780556   10.989303
  -13.023537   15.916062
    9.033074  -10.572478
    7.423987  -15.397809
    9.322522   19.027771
    9.510989  -11.430865
  -10.761113  -11.802520
   -9.587754   -8.225095
   10.248353   -9.547160
  -11.040220  -10.091827
   -0.933371    1.893841
   -5.274098   -6.035277
   -6.072255  -11.351900
   17.726248   14.934251
    9.737907   11.433073
  -10.941385    6.985140
    8.032044    1.126828
   -7.812882   -0.757426
   -1.259403   14.289886
   11.693836    7.225077
   10.719858  -10.585483
    9.380481  -10.084966
  -11.353165    9.216537
    8.381749   15.259281
    8.483449   14.299457
   10.546123   10.088213
  -11.192878   10.322716
    4.182975   -0.427866
   -8.712763  -10.868377
    9.725609   10.147114
  -10.113656    9.613822
   11.711120  -12.672394
  -10.222899    8.469794
    4.282168    1.340051
    0.917677   19.782111
   -9.743694    9.330414
    9.554328  -12.372904
   -8.541613  -11.081552
   16.743283   16.266962
  -12.374560    9.627547
   -8.141367    9.678886
   11.059370   10.669550
   10.138999    9.519230
   -2.409931  -16.270773
   10.605382  -10.344463
   -1.408983   11.993330
   -9.322646    3.801316
    9.980401   10.566947
   -8.021624   16.183212
   -4.198435  -19.446199
    0.929856    0.142358
    1.965937  -19.748168
   10.744218    9.796297
   17.045318    2.858327
   11.627084  -18.501864
    9.192425  -10.431341
   10.351989   -9.696461
   -6.309953   -4.880372
    3.805340   17.294956
  -10.390165    9.263272
    2.839755   19.003378
   10.446403  -12.079936
    3.039429  -17.374380
    6.379182   -8.428605
    9.301313    3.275112
   19.240066  -11.347871
   10.968459    9.386770
  -10.273120  -10.195689
  -11.150192  -10.883643
  -15.922799  -10.812758
  -12.118581    9.335165
    8.810574   10.352537
   16.588492  -19.960076
   19.465272   10.889823
   -1.948113    1.227960
   -7.365648   17.917453
    3.760551    9.698041
   14.002391   -6.773183
   12.055994   15.219579
   -9.790546  -14.800495
  -10.373965   -9.416341
   11.074663   10.220030
    1.956899   10.963103
    9.988882  -19.946226
   15.115944   18.636195
   -9.924654   -8.935089
   10.458455   12.781253
   12.373845    0.613893
    9.611427   -9.532456
   -2.572736   -4.120013
  -12.603024   10.458330
    8.469970    8.778312
    1.019506   -5.471328
   -1.142630   -3.116082
   -4.519249   16.100086
    4.731065   18.134097
  -11.718624   -8.842956
   -9.858398  -14.249224
   -6.549122    0.406235
   -3.527335   -5.191263
  -10.744574    2.878141
    9.442698    6.894981
   -8.839050   -8.988212
   -9.677504   10.613923
   10.348622  -11.006252
   -8.127042  -13.628151
   10.512736  -15.028578
    4.919563   15.282187
  -10.160416   11.008781
   -0.741204    5.085351
  -15.342251   15.176228
   -0.338448   13.101573
    9.928828   10.925141
  -11.396086  -13.881561
   -7.875289   -8.873697
  -16.288070  -18.551284
   -5.569614    5.456108
   -7.596073   -7.926670
    7.368323  -14.563548
   -9.749802    1.058522
    9.982270   10.398097
   15.647552   -1.521536
   -3.915538    6.437687
  -14.219733   15.035581
   -9.504844    9.614795
   17.884427   -4.471111
   -1.297729   10.372006
  -18.996346  -19.431406
    8.475496  -19.573637
  -10.260842  -12.988910
    1.227492  -15.188194
   -8.994006  -10.008739
    4.789535    5.998669
   18.508103   14.474376
    9.818054   10.801946
  -12.567409  -12.851304
  -10.514709  -10.471683
   -1.673509   -2.421996
   15.046977    6.855398
    8.620775  -11.692730
   -9.704607   -8.608269
  -13.449765   11.156165
   -0.581189  -11.583726
    9.842088   -9.853434
   18.404227   12.245949
   -9.160848   -9.178737
   10.510289   11.039285
    5.280861  -16.596868
   -8.963743    9.881917
    9.586486   10.627216
   10.504865   -7.954275
   -3.840469   -0.985013
    8.539839   -8.980646
    4.644174   -7.148401
   11.980653   -9.666147
   -6.067556  -14.068465
    9.514966  -10.309240
  -18.508010    5.475977
    9.468029  -10.128573
   10.940242  -10.162469
    2.075571  -10.748691
   -9.353366    9.844934
  -10.227260   10.230081
    8.846421   11.186625
   -0.552429  -19.436133
    9.401666   -9.926542
  -10.975597   10.199987
   -0.215397    3.390175
   -9.134633    9.774089
   14.260379   13.915574
  -11.684583   -9.915456
    5.273911   -9.511698
   14.506241   18.857192
  -16.144921  -14.880718
    8.944878  -13.552310
   17.015048  -15.431273
   12.365023   14.016666
    9.051528   11.469854
   -3.729411   10.650107
    8.195327    7.623538
    6.893532    8.646353
   15.176708   14.198822
   -3.961246   -8.401734
   -9.155004   14.030898
   19.796949    2.008933
  -10.005381   10.412804
  -10.171087   -8.730839
   10.676188   -9.103487
   14.912613   13.569837
   17.962238  -10.145141
    9.499179    2.275307
    1.157156  -16.246661
    9.720325   10.172426
  -18.942055  -17.394525
   10.695831   -7.858999
   -3.864670  -19.177422
   10.122487  -10.491293
  -15.166779  -14.127829
   11.886723   -9.109498
    9.465906   10.851237
   10.282044  -11.014229
   11.205109    3.431111
   -9.419072    9.357381
  -19.174957    4.523435
    3.754938    3.118020
    7.175090    9.678659
   -9.968688    8.776855
   16.396549   -5.518024
  -19.253065  -18.814798
  -14.819793    7.150433
    2.253653    0.400598
   -9.332641   -8.124531
    9.510812    8.271719
   -5.036882   -8.017050
   10.175717    9.833020
   10.360234    8.305976
  -10.560268    9.555465
  -16.843827   -2.961267
  -10.750363  -11.333822
   10.057811    9.406151
   10.549227   10.213735
   -8.796602    9.856611
   -7.440909  -10.040963
  -10.655029  -10.699182
   13.802717   19.072353
   10.072604   -0.541493
  -17.128352    6.985654
  -10.118367    9.046403
  -14.693144  -12.687465
   10.769581    9.000800
   -9.625351   10.713335
   10.478325  -10.211721
   -3.025067   -5.636995
  -19.684542   10.484269
   10.845317   12.076643
   -3.418559   17.489442
   -6.513850  -13.621197
  -14.780654   -8.653148
   -2.575646   -6.836281
   -9.320189   11.849780
    8.730079  -11.489500
   18.717702    5.506503
    3.954688   13.327745
   -9.693677   -9.006323
  -13.208148   12.921069
  -13.039195  -16.271795
   -6.173181   15.613661
  -16.562358   -3.800032
   14.832767  -18.980840
   -3.577051    2.048030
    9.275881  -11.038959
    3.215196   17.505202
  -10.793644    9.276311
  -10.031528   -9.552075
   15.676686   -1.131793
    9.063165  -10.125064
    2.758495    9.462102
   18.257979   11.643305
    7.816909   18.828327
    4.861149   13.095166
   10.655240  -10.046673
   -7.118425    8.468520
   10.629144   10.458641
  -13.817903  -12.212657
  -15.566581   -8.863055
    4.045344  -14.769029
   -0.875504   11.373657
    8.660866  -10.848224
  -11.439992   -9.600869
   -5.378020  -10.710522
    0.559841  -11.528089
  -10.382395   10.423936
   10.779677   10.216197
   14.827915  -15.009477
   11.366936   10.357043
    9.003684   10.240819
  -15.006075    5.980167
   10.514213    9.040591
    4.960408    4.531684
   -8.550448   -1.592455
  -17.921329  -14.263453
   -9.868042  -11.579453
   10.568414    9.655155
   17.311018    5.986259
  -11.391209  -15.555721
   19.282785   -3.739420
   10.077776   10.186866
    8.532125   -7.999831
    0.480830   -0.780110
   15.330597   -4.214092
  -10.909111   12.170879
  -16.041883   -8.155863
  -18.849398  -10.836407
   10.252959   -9.784176
  -18.941063   -2.689559
    9.810024   11.436105
   -9.539896    9.614436
    9.973766    9.527117
   16.357293  -10.745493
   -6.625812    1.605662
   15.734021    8.243371
  -11.592819   15.227494
   -9.218719   -9.876653
   -9.132939   10.136757
  -11.023877  -10.044357
  -10.270825   10.135208
    9.473847   -8.924726
   11.395266   12.501176
    2.532603   -7.727905
    1.960040   -3.212788
    3.949343    7.265591
  -10.739241   11.564944
   -8.761443   -2.564163
   -9.876907  -12.924875
    9.190422  -10.926897
  -17.890250   -8.508486
   10.734603   -9.975531
  -12.213273   19.700711
  -13.082383    9.866669
  -17.155034   -1.961444
   -8.840181   10.317026
  -10.933318  -11.225972
   10.439534   -6.147103
  -16.209833    2.147328
   12.954276   -1.937828
   11.181138    9.688567
   10.791490  -19.824605
  -11.299365  -10.773146
  -13.912657   -0.010699
  -11.166843   -8.167289
    4.253571   -0.713696
   -2.899167    0.150990
  -11.663794    7.842022
   -6.764969   12.132054
    9.124940  -10.058971
    4.524211    4.515611
   -9.972845  -10.095383
    9.158265    8.185105
  -15.101012  -15.083901
  -16.820786    5.566306
   -3.774604   -8.721369
   -6.044561   -8.900090
  -15.641639    1.048764
  -10.216243   -9.589312
   -9.837292   -7.812716
   19.524602   12.468163
   -0.481657    4.761793
  -11.001730   -9.683596
    0.766681   11.008477
   17.572942  -15.793988
   11.627507   -9.450018
   11.059404    7.816567
   11.961977   19.154473
   -8.881813   -9.309393
   -8.474978   10.898168
    7.179827    7.546748
   -9.506295  -11.785303
   12.042543   -0.609072
   -9.730633   11.168865
   10.450438  -10.778383
   -9.250195   -9.247660
   -6.775777   13.843947
   12.484026  -19.333420
    3.008172  -12.137599
   11.812293   -8.907655
   -7.406197    8.445500
    8.157628    6.631163
   10.230694  -10.696152
    0.515119   18.071957
  -10.865818   -9.384772
    9.335505    9.160068
    0.512377   19.327150
    1.343002   13.514172
  -14.573101  -12.916671
    9.404218   11.852152
   18.152830  -16.129559
   12.849500   16.706699
  -19.381710  -11.940392
   10.216230   11.225490
   -9.332060   10.852379
   10.575667    9.376094
  -10.148903    8.793518
   -9.098327  -10.312011
   12.792284   18.153191
   -5.356232   -4.725972
    6.294384   15.171839
   -8.572466  -15.932255
   11.582879  -10.744939
  -10.219883    8.673000
    7.728232  -10.397423
    8.574810   10.729887
    3.726906   12.248398
    8.491416  -10.371222
  -11.782702  -17.945158
   -0.348812    7.039321
   10.596388   14.670150
   10.894629    9.146052
   11.337332  -17.635653
   -0.558955  -13.658745
   10.848954    4.059139
    1.058459   -0.434000
   13.726852   -8.690589
    1.223401    9.562647
  -11.292063   -9.046492
   11.586200   10.839724
  -11.406749   -9.776513
   11.109918    8.773035
    9.676089    9.760175
   10.544978   -8.739204
   10.377564    9.788831
    9.938047   -9.022940
   19.116508   14.681714
   -7.214799    3.933685
   -7.399405   14.512180
   -9.790753   -9.147217
    8.429990  -14.837629
   10.397316  -11.040647
    6.347674  -12.304942
   -6.743013  -19.109740
   -7.841713  -11.489250
   12.513204   -8.987202
    3.908296   -4.867324
  -12.400847  -14.387838
   -9.595278    9.781495
   11.880452  -14.041893
    8.947198   -9.815631
  -15.733095    4.758840
    5.915036  -17.936823
   -8.783731  -11.448726
   -2.207943   19.856997
   -9.247152    8.606920
   -5.676171   17.878249
    9.582006   -9.703079
   10.858262  -15.602044
  -19.337624   17.417371
  -18.084803   -0.242082
  -11.745990   -8.909357
   10.464482  -10.778810
  -11.729740  -12.282022
   14.204610    6.740126
   -8.233511   -2.642928
   13.088677  -19.493513
    8.175843    8.360181
    1.706031    7.331403
    8.964208    9.046528
    5.003197   17.777834
  -17.182019   -1.764265
   10.242798    2.487061
    6.504870    5.979117
  -16.794700   -9.537549
    4.758361   -8.584877
  -10.608530   10.546053
    9.074273    8.502109
  -12.665874   12.533113
    3.979461  -17.999933
   -2.508450    7.504399
   -9.644235   -8.669503
  -11.841656   -9.606246
   19.071105   -8.979155
    9.846768  -10.706849
   16.119356   17.980263
    4.437542    1.657892
   -2.154287  -18.387997
    0.494074   -6.066223
    9.411816   -7.651540
    9.464572   -9.037850
    7.394925  -11.937210
   15.844226   11.030749
  -16.109836    7.274902
   10.701937   10.597355
   11.494327    9.611421
   -9.648826    9.721619
   -2.062856   12.600861
   -9.841011    9.526245
    8.890575  -10.497193
   -9.288531    2.389997
   -4.729981    2.985137
   -9.351420   10.960469
   13.945554   -2.769437
   18.186572   -5.916391
  -15.890947   -1.637130
  -14.925796   11.423506
   10.450240  -11.218915
   10.192509   -9.430574
   -8.336902   -9.140182
  -10.796869  -11.582854
   -6.283651   -6.018887
   -8.825757  -10.240465
  -15.000847   -7.486797
  -13.851526    5.239906
   19.811858   19.822673
  -10.406228  -11.032183
    7.465839  -11.027010
    6.144896   -6.584812
   10.070016   -9.899903
    3.994439   15.071348
  -19.061354   -5.224215
   11.348464   -9.939715
    9.215981    9.527694
   -8.981377    9.430081
    0.561537   -5.941565
    3.537289   -7.782683
   15.438113  -18.714340
   -9.915263   10.951137
    4.129031   -2.850353
  -11.299035   -8.058104
    9.101930   -9.262753
   -7.671616    9.790137
    9.083096   10.474383
  -15.630329   18.760910
   -5.777860    4.787245
  -19.102059  -18.084266
    8.913662  -11.344966
  -10.334570   10.617375
   -9.656854    9.034154
    9.895745   11.245784
    9.301129   16.016812
   -8.732192   -8.893185
  -14.851573   19.867027
  -13.791664   15.344934
   10.098492  -10.365568
  -19.108314  -15.078299
   10.547713   -9.828001
   12.322128   -8.151573
  -10.779582   10.366220
   15.501886  -17.577186
   10.417078   -8.785700
  -12.452739   -7.028807
   10.500370   11.340189
  -13.816869   10.034472
   -9.965604    8.073206
  -10.688205    9.627484
    9.958868  -10.252569
    2.609100   -5.272027
    9.589098   10.647487
   17.550779  -17.092859
   11.019108  -15.473785
    1.273043   17.408568
   -3.301220   -6.166028
    0.531030   -7.072282
   -8.916504   10.160119
   -6.568188   -9.093307
   10.873352   -9.212321
    5.014600   12.436470
    9.898581  -10.649667
   -6.339372   -7.724953
   14.330660   12.452416
    1.109779  -11.200775
   -9.849396   -9.770957
  -10.616739  -10.022429
   18.369952   19.665881
   -9.572415   10.056054
  -11.705510   -9.740593
   -9.031042    9.901347
  -10.522936    8.928466
    0.204595   -1.032625
   10.671810   -9.582354
  -11.405976   -9.611654
    4.864322  -14.373686
   17.764745   16.834568
    5.503641    2.065622
   11.299649   11.122116
   -0.820550   16.312445
   10.754719   -9.957687
    5.322393   18.137163
