    0.152914    8.220188
  -16.262102   -2.670737
    3.247608   14.671623
    7.845592  -12.759764
   11.960902   -2.194081
   10.661265    8.806179
   -7.969523   -9.738227
   15.656065   16.730235
    5.221697   -1.884169
   -9.038179   -8.885345
  -15.504152    4.077125
   10.254551   11.111920
   18.073143    2.744777
   -2.969630   17.682539
   -4.936540    5.128253
   -0.911658  -11.332795
    7.787964    8.738150
   -9.000042    2.518072
   10.410969   -9.111871
    4.735568   13.027707
   16.533647  -12.041829
  -11.842175    9.283924
    9.248584   10.093847
  -13.427076   16.723950
   16.137606   11.992485
   -9.337549  -19.982746
   10.000797  -10.484289
   -5.633904  -13.715365
   11.124389    8.683150
   11.355669  -14.546829
   -6.324106  -18.491985
  -10.752813    8.680954
  -10.693618   -8.805932
   -8.315978   12.985703
  -10.097829   10.539140
    6.670906   18.519673
  -17.278090   -7.629593
   -2.525435  -14.251450
    2.773037    9.774082
    3.380143   14.307295
  -11.975361   15.445794
   15.283550    7.539507
   -9.920177    9.253361
   19.650968  -17.030103
   -0.024783    0.577936
    3.991472   -3.417205
    0.171304  -12.347854
   19.026634    6.273955
   10.064067    6.285828
   19.604868   -5.946186
  -11.230349   13.544274
   -4.942513  -11.691892
    9.399949    0.226863
   13.752167    5.883493
    3.911042   -3.081250
   -7.373252   16.757349
  -14.850720   11.870695
   15.372349   18.952444
   -5.659112  -13.340930
   -8.629016   -9.452828
   17.359699   10.777536
  -10.031036  -16.173975
  -16.651693   -2.427192
  -11.650096   -9.167515
   10.528829    8.561614
   16.132063   -0.983989
   -2.185355   -3.003713
   -9.819418   -8.941061
   11.757046   13.736757
   10.350222  -11.410913
  -11.296511    9.176990
   -9.638291   11.690303
   -9.453846   19.055853
   15.271742   -7.619855
    1.109836   -7.766770
  -17.340866    1.773955
    6.561648   18.370601
  -18.212069    9.825012
    1.235464   14.614145
   -7.128558   -8.174039
  -17.963424   12.916989
    4.268912   -3.695441
   15.295334   16.199999
   -2.652264    8.137457
   -4.755211   11.613292
   -1.610282    9.030517
    6.924119  -16.982065
  -18.722816  -11.331318
   10.671639   -8.516814
  -10.274955    9.962424
  -11.682815  -10.524610
  -14.797858   11.538655
   15.892660  -18.215671
   -8.618004    8.712692
    6.249204    1.312045
   -2.995697    7.061644
  -18.358136    7.887866
   15.163871  -12.638043
   -4.969917  -12.259714
   -6.160757    1.133378
    6.253834   -1.928171
    9.571049    9.962287
   -9.382903  -10.493810
   -8.146632  -17.149812
   -8.892532    9.976842
   19.837681   14.466451
   -1.775013   -7.190258
    5.174236    5.833845
  -12.257306  -10.968050
  -11.198224  -10.883110
  -18.165922    4.514605
  -11.847308   10.892867
  -11.428603   12.520272
   11.943268  -12.309863
   -1.122868  -16.631298
  -10.858173    9.907017
  -11.730564  -10.614628
    4.993119    8.770947
  -13.288895   15.977237
   12.550378   -9.665853
   -8.711666   -9.768525
   11.565761    0.054899
    2.170621   17.183386
   -0.289791    1.774138
   -9.800426    5.654612
   13.265944   17.080837
   -8.608324   10.811043
    0.953410   16.457453
    9.426733   -9.374564
    9.770578    3.607533
  -14.838160   -6.086781
   -9.501533    6.421868
    7.453442   -0.257250
   -3.410472   19.292541
   13.271028   10.342950
   -4.013685   -6.677739
    9.954554   -9.449290
   13.218026   10.825492
    7.954392  -10.348230
    1.227579    8.926423
  -10.865597   -1.276015
   15.218024   -6.534417
  -11.366954  -19.822372
   -5.073577    6.093177
  -11.058078   -7.146783
  -14.732473    6.504697
    9.185408   14.298891
   -6.892962   17.309063
   14.290403   16.817607
   12.641444    8.751713
   -9.363842  -11.978435
   -9.488114   12.691680
  -10.415517   10.020688
   -8.317985   -0.964976
   -8.739456    7.634972
  -11.856159   16.082197
   12.504269   17.699625
    8.451410   11.089232
    9.971671   11.044245
  -10.608944    9.770267
  -12.345566  -15.402446
   16.430620   15.300398
   14.013407   15.633551
  -15.908866   19.176271
    9.741303  -10.378075
  -16.972126    2.919280
  -13.543060    5.495276
   -9.886437   18.893354
   -5.676820  -10.177557
    7.447407    5.610985
   18.545935    2.636439
   12.184069  -10.994264
   -6.851261   -4.118807
    4.896446    1.364937
    4.271025   -1.278862
   -7.038089    1.110043
  -13.678261   -9.453648
   -2.248808   -8.040183
   -9.073506    9.776647
   -9.795738  -13.695410
  -15.728630   16.215996
  -11.529535   -8.772828
   -8.184546    9.611323
  -10.595277    0.932503
   10.329915    9.076867
   19.520920   19.259066
   -0.371102    6.288589
   -5.353458  -14.464204
   10.312544  -12.111457
   -8.633221    0.005825
   -3.727217  -10.080333
   19.592265    6.275184
   11.327525   10.541224
  -14.002989   15.193873
    5.683065  -10.945096
    6.068758  -11.138845
  -14.165894  -10.703705
  -14.231873    1.286416
  -18.052565  -13.110953
   -0.016287  -11.073110
   16.329850    4.641978
  -12.924630  -14.257339
   -4.455448  -11.720692
   -3.090809  -19.227794
    4.898192   13.047798
  -12.796458  -19.589747
  -15.603044  -10.447183
  -11.786654    9.813866
   15.712225   -3.215459
    7.592854   13.100768
   13.314838  -12.907412
   -6.121640  -13.944841
   -1.228497   -0.218534
   14.118850    2.323943
   10.867367   -9.142133
    3.930287  -18.699091
   -8.091479   10.939117
   10.682549  -12.007281
   -8.448622   -7.320786
  -17.080414   -9.461186
   19.989800    3.746169
    8.253738   -9.173688
   -9.966213  -15.833408
    0.505217    1.362610
   -8.567291   11.767883
  -12.386258   -8.910603
    5.150676   -6.012859
   10.248167  -16.529878
   -7.639289   12.892026
   -7.988439  -17.507406
  -14.114125   -7.857353
  -18.027161  -15.315933
   18.581029   11.026654
   17.017795   -9.424829
  -10.257975   -2.776789
   -6.383129  -16.553493
   16.172158    1.857237
    3.623803   18.858805
    8.058678    9.110338
   -0.390226   -5.751281
   10.290841    8.444501
   15.224768  -16.369643
   14.540990  -12.652411
   -1.614653   -6.221764
   10.162147  -18.099833
   14.738497    0.480092
   10.529023   -4.858497
    1.360557   16.111391
   17.405998   12.330241
   13.111468   -7.740778
  -17.190641   -9.108891
   16.258621  -10.981634
    3.861576  -19.219182
    2.817783   -5.513309
  -13.544494    6.701067
  -18.315852   -4.031026
  -15.282643   16.453564
    0.079708  -13.905449
  -18.890595  -18.387833
  -18.529964   -5.069586
  -13.178434   19.797225
   -3.641728    3.114997
  -10.480478  -10.107527
    7.518942  -12.548834
   17.130063  -14.823004
   -8.244531   15.217061
   11.610749   13.064203
   19.872546   -4.434139
   -1.940820   -9.284082
    4.728713   16.013625
  -11.343408   -5.673568
   -9.738669  -11.739515
   19.832307   16.601912
  -12.615141  -10.273363
   -5.396016   -2.206904
  -11.288428   -9.975447
   15.784259   11.262017
   14.926388    8.084248
   -8.806064   -0.771442
   15.808868   11.475786
   17.038041   17.094696
   -0.958666   -8.918509
   -3.349393  -19.461709
    7.336518   -2.642225
   -8.124949   18.714845
   -7.705394   12.198326
    2.319204   19.471462
   11.540018   15.039870
   14.909798   -5.279836
   -0.779860  -18.163947
    0.973259   15.022700
   -1.127140    0.138331
   19.228293   -2.481229
   10.878909  -10.406553
   19.503615    1.402532
   14.229094   -6.319476
  -10.682176  -11.174928
   16.890506  -18.784437
   16.949418  -11.032289
   15.279434   17.065315
   10.703419   11.418994
   -4.535008   11.719553
   14.481943   19.783347
  -14.190850   16.236175
   -3.278359   13.030464
   -9.747895   10.029924
    5.776685   15.815865
  -15.396490   -4.205667
  -13.201116    1.947266
  -17.517896   12.698580
   -9.858566    6.437173
   -7.958034   -2.105448
   -9.215601  -19.974580
    7.752261   -7.560706
    5.784752  -19.830915
   11.521565  -12.083866
    8.592931    3.812116
   -9.246480    8.755052
    6.984126   -6.686008
   -8.816230   -3.227363
    1.004620   -6.576804
   -9.847989  -10.094295
   -5.558985   18.633503
   -2.615946    9.530557
   15.531971    8.340066
    5.515833   12.899536
   10.041639  -11.443901
   19.135159   11.419506
  -12.688084    6.373114
   18.782501   16.192274
    9.223600    9.329003
   -1.157006  -14.798743
   10.620212   -8.468088
   -0.229599   -8.485289
  -18.020248    4.694666
   18.779023   15.201012
   -1.395493    7.665021
    3.974276    7.819115
   13.094951   -6.722298
  -10.822282  -10.224865
   -7.659124  -15.941169
   19.292510   -6.418484
   17.942357   16.312599
   11.834161   18.149655
   -7.420035  -12.510520
   18.114938  -13.466629
    4.949190   15.781479
  -11.975158  -17.906608
    7.511010   16.598187
  -13.947807  -11.834919
    0.207493   -5.919523
    8.399364   -8.748124
  -10.054075    4.784933
   -6.952430   -1.552401
   10.419792    5.122119
   -9.849823  -11.123752
  -14.785695   13.136559
  -15.047522  -16.083849
  -13.424554   19.526596
   13.412202    5.420008
  -11.040165   -9.676605
   10.567352   10.205129
    6.535363    9.411934
   -9.596376   -1.897377
   -7.388419   16.238302
  -18.541166   13.820779
  -10.164233   12.108954
   -9.898078  -10.019788
    1.592791   -3.327705
   10.639713  -10.135586
   13.367502  -18.043587
   -0.664441   16.766557
   -8.299192   -7.362847
  -11.332041   -9.808573
  -11.506438   11.201176
  -19.987710  -15.642245
   12.400363   -0.399494
    0.459283  -13.068493
   -3.929212   18.697776
    2.583316  -11.650729
    6.924509  -13.741750
  -17.962215   -2.614374
    4.579431   -5.084452
  -17.654587   19.285623
    4.439489   -5.600588
    8.835582   17.291927
    9.132027    4.391693
   -1.025002  -14.659469
  -10.630870   10.238598
   16.300721   -2.934593
   -2.663546    2.665184
   15.530302   -5.462774
   18.164581    1.299398
    3.328115  -15.160607
  -11.993490   -4.418081
   18.315054   10.936867
   -0.181695    8.190066
    7.060715  -16.465994
  -16.274639    1.633546
   19.482170  -13.122939
  -13.773456    6.339489
    8.255779    9.746538
   -6.428594   19.470155
   -9.097954   10.905875
    9.827892  -18.155329
    4.089444  -12.675350
   13.279880    2.886900
   14.092759  -13.293892
   -4.195474    8.320666
    7.236783   14.060532
    5.529811   17.065408
   -0.650880   14.482532
   15.327466  -13.708871
    4.170137   10.929211
   13.286691   -2.241709
    8.366581   -1.799714
   -4.596722  -18.686298
   12.164511  -18.493170
  -18.971705  -13.556339
   -9.397327    8.803387
    8.206985   15.026109
   -0.419585  -17.766859
  -15.232581   -8.927789
   -2.347249   -2.620811
  -10.167627   13.119263
    9.103011   10.155768
   18.606001    6.765361
    0.433922   -0.317487
   11.218983    9.245284
   -2.786109    5.832747
   19.028678   15.086988
    3.336888  -16.599137
  -15.673126  -13.799731
    3.119310  -10.721667
   -8.905238    2.724304
   18.909533    0.146838
   -0.024899  -10.225018
   -3.147669   12.877608
  -10.951316   -9.087590
   -6.881075    4.188657
  -13.838508   -0.246143
   10.829938    9.432063
    4.382125  -19.401842
  -14.136070  -18.936361
   16.086312    2.204664
   -8.194736   -7.070042
    9.115645   10.348308
   19.122819  -18.274270
   10.239742  -10.208231
   -7.678887   17.117858
   -8.655215    8.567273
   -6.558963  -17.945751
  -13.805336  -17.794449
  -17.384914   18.419020
    6.139263   11.343410
  -10.732329  -10.248938
   15.772499   -8.941483
   -0.617953  -18.453341
    0.574242   -4.468329
   15.833748   -2.203639
  -18.461201   -7.768872
  -18.544847  -10.662155
   -8.663236   11.053494
   -7.086160    4.227406
   -4.870561  -16.481708
    5.722045    8.138163
   -2.997896    6.100686
    3.727090   18.746381
   10.733522    9.687944
   -2.277981   -6.314844
   -9.939920   19.949407
  -17.818935   -1.564727
    0.171551   15.682119
   -6.374151    9.720017
   -8.639963   -5.482390
    5.016087    5.919818
  -13.263030    8.828761
   10.107643   -9.649056
  -12.051231  -18.362277
   18.265555  -15.672285
   -6.161047   16.987143
  -17.501213   -5.412882
    0.420307   -4.452628
    5.112095   16.717072
    8.546290   10.333616
   -2.732743   12.015618
   14.022053    5.712868
    6.893078  -15.232272
  -13.200613   -9.294278
  -10.106158   10.944646
   12.904535   -0.303728
   -9.702479  -10.691646
    7.567032    8.837148
   13.811826   -5.392966
   -0.163031   -0.682231
    9.636543   11.130624
  -11.095308    2.923847
  -16.660502   -4.862604
   18.262729   -4.824860
  -13.010993    9.557700
    3.217832   -2.596048
   18.569880    6.260154
  -10.606685   -9.150748
    5.840255    1.883384
    8.720623    6.277452
   10.522502   11.097593
   10.383057  -10.484045
  -19.688229    7.617926
   15.115651   -4.026811
  -14.221212   -9.361371
   16.484492   18.986590
   -9.324538    4.855259
   -9.353104    8.358733
  -10.439820   -9.400506
   11.280340   -9.927524
    0.725563   17.287467
  -19.667363   11.151189
  -10.139408   -4.228319
  -13.261038   15.747124
  -18.563123    4.150193
    7.594796   13.922794
    3.876811   15.492962
   -0.050874   -4.811803
    8.288908  -17.340630
  -16.060213   13.469276
    8.004920   10.019460
   10.245345   -6.861556
  -11.263853    8.412992
   -7.805538    5.359091
   -6.500144   16.167896
    8.673702    9.479469
    7.375010   16.064762
   -9.389189   19.645329
  -11.384373   10.639846
    8.977534    8.146107
   -8.339574  -16.271027
  -16.493983    0.792589
   11.270746  -14.143725
    3.124651    4.637500
   -2.576252  -17.730082
   12.867407   -0.892222
   -2.516769    4.551582
    5.011310   -7.285516
  -18.827855   -3.091222
    0.590843   12.886805
   -4.746166  -13.034148
  -16.488514  -19.871886
   10.828636    8.073034
    9.554801    8.902330
    0.465311   12.585129
   -1.133695    9.303413
   16.139470  -11.833552
  -15.401210   10.984988
   15.809048  -13.927022
    5.301337  -11.189872
   11.931292  -13.702935
  -14.188912   -4.918623
   19.200328    2.344177
  -10.123280    9.430932
    0.118569   10.896101
   -0.906225   -3.703697
  -19.119597  -17.850836
   17.920175   -9.489617
   -2.885987   -5.013118
    0.180635   -5.966356
  -17.989478    4.499788
   -7.755880    0.389392
    6.043897   11.701783
   -1.676799   -2.296046
  -18.784674   -6.433992
  -11.645121  -13.902001
    2.696997   17.983574
   -9.853844   11.074044
   -2.594293   11.786771
   11.569527  -12.411993
   10.233681   15.166247
   16.030699   -7.100558
    8.882320  -10.780540
    7.710295    8.862205
   14.858700   -8.476165
  -11.188563   -8.445539
   -7.906776  -15.449953
   -3.587055   -8.507986
   11.899506    0.174061
   -3.910458   -4.235144
    9.836266    9.370575
   -9.180240   -6.560704
    4.686225  -14.513413
   13.993526   10.209200
    7.718156    5.047194
   -9.303814  -14.939731
    2.467505  -19.764217
   16.027805   -3.088637
   10.606244    8.476490
    7.535144   -3.014616
    6.543083  -15.012892
   10.712510  -10.671834
   19.481640  -12.315210
  -11.148634   -9.724209
  -11.213443  -11.306061
  -12.283757   16.018202
    9.106179  -19.013203
    0.586048  -19.403701
    2.902232    1.937436
    9.353180    7.763216
   -2.422422  -12.523535
   16.167329  -15.352952
    8.594428    9.981258
  -11.483881   -4.184171
  -15.016355  -17.792228
   15.587340   -0.137887
  -17.982051  -11.314207
   -2.958736   -8.945027
   -2.987284    7.113015
  -19.464879  -18.448453
  -13.093011   -7.208267
  -12.919700   16.343329
   10.509386   11.037296
  -16.649041    7.070249
    8.406835   18.474250
    6.645265   -6.926386
  -15.694838   10.263254
    8.244151    2.967300
   13.925739   18.470951
    6.561300  -13.734136
  -12.057888  -15.990397
  -10.274304   10.487145
   -9.354982   -9.185300
   -0.466478   14.690065
   13.360220  -13.768591
   -0.887991   19.968220
   -8.378762  -18.579234
   -4.473216   -9.614416
    9.676858   -4.661819
   -5.773936   19.372932
   -3.136579  -16.188756
  -11.646656    8.495138
  -10.564296   -5.790630
  -11.674048   -1.903143
   13.951057  -15.662429
    3.702103   -2.066521
   13.902098    6.615340
    7.794543    9.379927
   11.319810  -11.528067
    3.238352   16.075412
   13.693321   11.259999
   -7.287969  -10.097641
   18.395594  -12.321685
   19.348735   18.038312
   -0.178261   -2.277077
   19.149728   -1.598878
   18.533485    7.291159
  -16.059723   16.868113
    0.263709   -1.385471
  -15.068960    9.142660
  -11.870922   -3.936124
   18.312929  -12.923090
    8.373461  -19.332503
  -19.509546    5.555307
   -5.481388    8.936805
   -9.847995  -10.238965
   11.036141  -14.104215
    6.491802    3.562769
   11.884617   17.700014
   -6.294463   -3.432018
   -7.781446  -19.077438
    4.417608  -16.193349
  -15.323090  -13.701180
   13.081996   10.067645
   -9.851662    5.327223
    5.287855   11.236422
   -4.210135    4.107135
    8.032177   19.570353
  -15.650066   -3.924739
   -1.453084  -11.164791
   12.129709   -1.216516
   -9.225669  -14.476897
  -10.167315   11.150775
    8.142923   17.423142
  -11.347302  -13.418855
    9.482485    8.118951
   -5.015955  -15.746267
    8.370000   14.388973
   -0.322080  -18.525497
    9.373202   -9.709849
   11.606886   -9.211607
   18.128971   18.791106
   19.031296  -15.069143
  -17.132927   -8.602373
   -4.627226   14.193961
   14.024289   13.570332
  -10.191347  -10.794953
   -4.464586  -15.445642
    5.748897    2.425291
    0.820766  -15.883190
   17.362677  -12.750587
  -14.451744  -18.576048
    7.773734   -2.145230
    4.768676   13.643285
   12.279964    6.471065
   18.674894  -14.505241
  -10.251097  -11.242497
   11.580159   -9.594184
   10.535888   -7.636130
    3.392690  -10.074244
   19.478545   -6.206021
  -12.802072   15.921715
   16.924970    9.817498
    3.305884   19.423457
  -10.466195    4.269725
   12.450775  -12.307541
  -18.258944   16.557186
    0.645118   -2.640852
   -5.352576   -5.696167
   13.474504   -5.445405
   -4.456900  -11.558193
   -6.212850    4.259123
  -15.524106  -10.615742
   12.666025  -13.502486
  -18.602503   -6.822288
    9.262801    9.167301
   -0.284485   -6.284447
   -7.915700    9.760577
   -9.343504  -13.211925
    9.555276  -10.383441
    5.194451   10.170826
    9.584365   10.444518
   -9.301050  -10.609185
  -10.187464   11.035408
    8.756944   10.103566
   -5.380452   -7.421727
    0.004259  -13.564499
   17.097947    9.494479
    9.548935   -9.856204
  -13.195007  -15.089941
   14.190801   -1.268069
   19.623052   -3.712750
    4.706987   -0.929279
    9.559035    1.810710
    7.818449  -18.873550
  -18.126266  -10.098731
   -3.680106   16.846257
  -19.569214    2.327196
  -13.671113  -19.548465
   -9.616822   -8.686327
    3.418321   -2.744871
   -8.935910   -0.857241
    0.757773   -4.817414
  -16.240377   -8.883758
   18.941848   -6.419976
    1.397354   13.604288
  -10.670017   -9.340912
    3.985701   17.379958
  -13.383568  -12.116025
    3.156549  -15.013891
   -1.593830  -15.040585
   19.147586   17.718242
   -2.570465  -17.654717
   12.341360  -19.357129
   -7.102192  -17.552470
   -6.415681   17.400298
  -12.450605    3.065746
   19.689953   -7.529282
    6.299128   -2.550236
  -19.581376   -6.780365
   14.134174  -10.712683
  -15.905927    5.881140
  -18.626179   -2.095651
    6.596910   -7.461665
    3.294784   19.536788
   15.920679    0.526289
   10.709204   -9.976467
   -0.495393    5.128436
   12.071804   -5.273261
    7.528741    0.979426
   18.758676  -12.389415
  -14.450847   11.654068
   -3.864956   -6.594244
  -18.146016    3.509995
   10.438137   16.689085
  -10.310072   -9.249325
  -13.863238  -10.692016
    2.199284  -11.246330
    3.267008  -10.908478
    3.159821    3.075251
   -9.485979   10.271866
   19.265003   10.288798
   -2.401329   -4.265841
  -18.879499  -14.014071
   14.344509   15.645793
    5.372087   -3.396082
   19.807289    4.576177
  -13.965882   13.522567
   -5.166113  -13.084635
  -15.728491   -9.808870
  -10.407916  -11.119746
   17.391607  -18.114763
    7.131998    8.884774
   -4.202645  -10.326934
   10.331590   -9.288419
    8.167557   18.128056
   -8.632884  -10.682684
    9.353169   10.305771
   17.781611   -2.307270
  -10.090965   15.915783
   -1.461459  -10.631508
   -5.387771   -4.625062
   17.977968    8.459434
  -17.865814    2.126181
    5.281083   -4.096056
  -14.601818  -10.164507
   15.548756   18.657099
   -8.959846    6.715625
   14.535750   -3.784750
   -7.990365  -13.996851
  -18.338142   -3.279826
  -14.753632   14.890254
   10.411059  -11.159324
   -7.145941   12.173164
    9.810175   -9.255342
    9.870012   10.417818
   10.824676   -9.070209
  -15.340564  -19.901608
   19.716670  -10.050385
    3.440870    9.589395
    3.194866  -13.870555
   19.399787   -7.086540
    6.849828   17.967005
   15.005722  -11.354265
    1.715087  -11.823055
   11.078250   10.800176
   -9.803021  -11.834724
   13.249009   -1.297113
   -9.765440    8.412026
    0.037857   10.906105
    9.023566  -13.803695
  -19.914136  -18.410456
   15.748995   -4.426351
  -14.267108   16.488053
    1.534748    2.100470
    3.204794   -2.677788
    5.790553  -14.529291
   16.997777   18.095792
   15.038690  -10.892312
  -11.600492   16.547601
   -3.555005   -8.064308
    6.308401   -7.131102
    9.288454    9.217057
   10.965494   11.633105
    4.458468    9.556242
    8.291958   18.913284
    5.858537    1.252778
    8.824023    9.831821
    8.805993    9.030880
   10.972621   18.852435
   12.752726   19.066136
  -10.956407   13.322966
   -2.426838   11.887551
    7.457971    5.963853
    8.253794   10.753771
   17.347263   -9.721643
  -19.873669    0.163877
    3.076917   18.416222
    6.896247   -9.354506
    4.657795   -5.979720
    9.507858   -9.380130
    3.732560  -13.343994
    5.671686    9.317175
   -1.108495   19.994646
    2.756882  -16.248875
  -16.829662  -16.632440
    4.959673   -2.220565
   -2.968172   -5.598482
    8.875356   18.006042
  -16.581910   -5.843361
   -0.147346  -16.710690
   -7.666466    9.234852
    1.612572   -1.065739
  -10.354805  -16.170935
  -11.960741    3.713826
   -6.247954    2.714206
   13.636373   17.140601
   -5.625092  -15.462920
  -17.173809   -7.752239
    2.422481    9.056136
  -12.331621    1.752261
  -10.470110  -11.562243
   -2.402859   -6.793283
   16.991480   19.586024
   -4.938266   -9.104729
   17.059929   14.511604
   15.620300  -16.271987
   17.172012    0.201135
  -14.292656  -10.965774
   19.894372   -8.986708
   -1.424025  -13.446288
   13.054274    4.995804
   -4.094237   13.483441
    5.038133   -0.884530
  -12.525451   -3.170532
   -1.129668   -4.507776
   10.499278  -17.681377
  -12.197682  -10.721528
    6.748552    6.193148
    6.005374   13.816115
   -8.620653   18.492338
    4.085367  -14.884467
  -13.467184  -11.172769
   -4.779338  -19.250021
    9.248944  -11.684911
   -6.785957    4.963963
    0.198246   -1.741190
   10.057951    8.755358
  -11.104094  -13.773010
   18.908806   16.017069
   18.596873   14.845244
   -6.699940  -11.241237
   10.031634   -3.672614
   -5.102433   -3.931987
   10.347399   -9.643073
  -10.115866    9.955207
   10.162576    9.187279
  -14.554786   11.657830
    7.634264   14.732193
   -1.354598    4.208660
    0.601002  -10.569042
  -16.143059   -4.733182
   -6.797909   15.183810
  -13.264972   -8.533212
    5.794708  -13.242349
  -13.498837   14.531771
   -8.263993   -3.890753
    3.449510   18.870992
   14.970367    2.949685
  -19.854799    3.376053
  -19.331207   -3.612661
   -4.581584   -3.353657
  -17.722342  -11.011698
   -9.354278  -12.740138
   -0.764180  -12.879942
   14.070453   -4.536993
   17.326312   15.272883
    7.919651   16.407558
   -8.639401   -2.739005
    2.606775    7.851237
    9.971026   10.762010
    4.283020   15.587265
   -9.344165    9.283410
   -9.761192   10.449630
    5.259754   17.447539
   16.041663  -16.664526
   10.671583    9.313750
    3.469785    6.223192
   -6.652809  -18.138605
   14.438977   12.719024
   10.117621   -9.718658
   -2.107333   10.668367
   -5.780035  -16.442885
   -9.315464  -10.659820
  -17.016588   19.445002
    6.877279  -13.600181
   12.474834   -2.405367
    2.109683  -11.874586
   13.000541    4.771225
    3.804572   12.999319
  -10.638417   -9.855260
    1.332332   17.471173
   18.971052    1.109398
   -9.699918   -8.582650
   19.627084   16.201612
  -11.593902  -13.401397
    9.548309  -10.910817
    0.885240    6.782403
   -9.424062   10.602354
    1.979434    7.253465
   15.066045   -7.086411
    9.804621   10.711038
   17.780903   10.994137
   11.848576    8.477551
   -2.698217   -1.025087
   16.810780   19.049055
    0.416286   -1.725808
   -5.331332   16.630170
    7.219922  -16.988322
  -19.151409   -4.769112
   19.900540  -16.259355
   15.099133   -3.616585
    9.284978    9.845922
   -7.337039    9.836614
    4.890541   -7.117773
   12.106828   12.517272
  -16.167981   -1.599783
   14.473203   17.567461
  -18.738252   17.099546
   11.237752   12.550147
   13.929890  -14.253084
    5.593366  -15.021162
  -12.029038  -19.842848
   -7.576200    0.141311
  -11.590214  -14.736722
    6.516712   -6.280118
   -4.704639    3.620601
    8.571985    3.273809
    0.578539  -10.822845
  -13.025410    3.279408
   17.005618   -3.910712
  -13.544110  -18.670122
   16.302507   15.663476
   -3.698610   11.592031
   10.641545   -2.322658
  -16.747732   -4.437280
    1.175652  -14.660656
   17.408378   -3.689572
    2.371237   -6.669501
   -3.771488   11.193420
    6.941409    4.070248
    7.327164   -7.994235
   14.195607  -16.716540
    4.941112    8.635013
    6.823136    3.526926
  -12.187852   -4.331477
  -14.527121  -11.970444
    8.031424   15.995180
   -0.495810  -18.773788
  -14.631305    8.139958
  -19.751465   15.044864
   11.814470   -8.464367
    6.351695   -8.719909
  -10.071530  -10.735875
   10.256066   17.235903
   -1.775005   14.519842
    8.822061  -11.398655
    1.228556   13.595209
   -9.304666  -10.383668
    4.544522   -4.562373
  -16.646493    8.557981
    7.492855  -11.589318
   11.070002   -7.803280
    0.770716    2.671567
  -17.294175    1.167502
    3.230095  -18.596076
    9.674575  -10.922825
   -7.003226   -5.775096
  -10.233043   10.684850
  -15.668259  -15.852825
  -10.463889   10.977153
    0.839784   12.500701
   -1.122750   -3.109906
    8.374786   18.638825
   16.067780   19.596517
    1.162209   16.182777
  -18.926221   -7.034763
  -12.146389    6.722976
  -11.074489   13.326007
    4.294695    3.272812
   -9.715527  -11.582096
    6.415306   14.053425
  -10.041385    9.443563
   -8.382829    9.236787
   10.953955   12.046047
   17.905686  -18.116320
    9.594755   -9.599387
    5.075722   -5.239532
    2.796657   18.761641
   11.732066   -9.489428
   11.709334   -7.810410
   -8.527845    2.731215
  -19.084920   -9.902792
   11.737082  -14.871129
   -2.239093   -8.683869
    4.743692    8.495355
   16.653438    2.361325
   15.895213  -16.386409
   15.381065   -9.380144
    3.558783  -13.947619
  -10.023165   -4.876163
  -15.804888   -2.182257
   13.836256  -18.559882
   -3.196516   -5.504972
  -10.294580  -17.156948
   15.258742   -1.698767
   10.183647   10.407422
    5.306523  -16.856857
   -8.528638    3.058480
  -11.062484   -9.500503
  -10.412984   10.476360
  -15.412541   -0.564920
  -12.981554  -17.220010
    3.029762   -2.231021
   -8.235296  -14.320892
    7.957119   12.942224
   15.460842   -8.931082
   12.717727    5.682991
  -17.663518    5.097474
   12.116752   -1.289350
    2.397638  -19.987774
   17.064444  -11.851144
  -16.907294   14.152301
   -5.644310    6.976621
   10.008593    1.640025
  -11.448704   10.850919
   -6.438403    7.673146
   -8.146010   13.704137
  -11.327372    6.809295
  -18.038066   -1.101453
   13.820553   16.881475
  -17.638783   -0.959196
   -0.318489   -3.441993
   15.263761  -13.732822
    8.863971  -12.301312
    0.816945   -8.637659
   17.929008  -17.095282
   -1.023697  -15.335825
    3.662268  -19.179875
   -1.857635   15.092644
  -14.737010  -18.726770
  -11.863660  -10.470921
  -11.011717   -8.402476
   10.444598  -15.734340
    3.775618   -6.481381
  -10.664123   10.456554
    8.883921  -11.398310
    7.635101   -9.022620
  -18.110378  -14.365545
  -17.235885  -17.732632
    0.868374   10.886225
   -9.868179    9.664963
    4.807375  -18.721180
  -10.047402    8.549899
    7.871811    9.240784
   -2.147955   -8.475928
  -10.751068   10.851954
   -0.372908    5.886910
   12.774535   13.184849
    0.211726   -7.646239
   -2.465328    1.013049
   13.411068   -8.849030
   -0.937631   -9.817121
    5.805219    2.953601
   -0.829502   14.294259
   10.870700   -8.467819
   -8.144711    0.956225
   11.503889   -3.867448
   11.656971   14.037152
  -16.645256   10.684665
    5.260891   -9.462526
    5.916037    2.850675
   12.200441   17.264007
    9.975175   10.369390
   -7.228304   -2.382438
   -5.487575   15.166159
   -3.186887   -3.191106
   10.889299   16.298908
   18.070947   15.642732
  -11.119419   -8.568869
   -9.908619   11.880806
    1.680647   -3.545961
  -10.077835   -9.424645
  -17.394367  -13.251300
    1.964818   -4.437217
   -7.402561    0.305887
   10.829775  -15.616403
   -9.049252    6.956560
   17.529987   11.512897
   -7.750582    4.898406
   -8.209380   -7.519528
   -5.125840    0.418838
    9.183805  -11.730547
   -1.377683  -12.773456
   -0.090365  -18.127798
  -17.284868    6.164177
  -10.145310   -8.722933
  -15.501292   -1.394427
   10.364001  -11.304995
   -8.529954    4.249580
  -12.407775  -15.860516
  -15.746829   -8.696026
  -11.409237   -9.984527
   14.584984  -17.674764
    6.294092    9.352907
    7.063659   16.284005
    5.489281  -15.816681
  -14.271105  -10.978267
   -9.296242   -9.955916
  -17.100826  -17.689924
  -10.088955   -9.218652
   18.350716    9.484166
    4.241591   -6.041711
  -10.750369   11.758258
  -15.104166    9.226577
  -15.547394   -8.675218
   -2.833956   -4.100614
    0.507193   19.594662
   10.736775   -9.839884
   -2.693611    2.467784
    9.657497    1.959126
  -12.122202  -12.782514
   -3.982429   -9.214784
   -9.233242    8.574984
    9.187563   -4.924721
  -12.110334  -14.018381
   11.305066   14.571308
   16.952733    2.260737
   18.547923   -5.216491
   -6.464727   -7.592476
   15.756726   -3.206131
  -10.455188  -10.679910
   17.511600   15.559693
    6.337178  -16.658655
   10.467490  -10.371601
   16.963609  -16.683959
   12.552339  -10.921392
    9.373765   10.168049
   -7.498962    9.995094
    7.925720  -19.883137
  -16.660477  -16.709738
    6.976823   -9.784858
   18.191196   19.969641
  -12.235525    0.884501
  -17.740889  -18.998167
   -4.780826    2.000521
  -13.156439   15.014450
  -15.446519    0.068942
   16.918966  -11.751566
  -11.592880   -9.946844
   14.759808   -3.152537
    4.624264    9.465074
   -9.073807   -8.888186
   13.019606   -1.679628
   19.167862   -8.161515
  -14.152669   15.153106
   10.876702   -8.861996
  -11.256056   -0.372581
  -18.119612   19.982329
   14.113810    6.680025
  -18.972313   16.139412
   16.587319   -0.840196
  -14.854274   -5.632018
    2.763217  -19.550062
   18.131070   -8.372305
   -8.496808   -3.865903
    4.537755    8.412526
   -7.786014  -10.559755
   19.082034   18.191188
   19.369927   -9.647931
   10.475769   -9.591532
    3.870677    5.879235
    9.144193  -10.082258
    1.859047  -11.352705
   16.681704  -19.136716
  -10.495159   10.443333
   -8.881537   -9.706479
    0.512048    2.410043
   11.913902   15.618453
  -10.694093  -10.630442
  -10.803469   16.910901
  -18.044096   -8.123646
   10.997280   11.659063
   19.303560  -16.829819
   11.165552  -10.126858
   -9.847262   11.112217
   17.713262  -18.442899
    8.300144   -7.109644
  -12.263906   -9.911207
   11.940913    5.398899
  -11.873797   16.461233
   -7.238484    0.163478
  -12.828208  -17.770505
    4.752073  -13.350393
   -0.085153    1.372921
    9.777498   -8.816106
   -9.814935   -1.923901
    2.586464    5.199195
  -12.943505    8.367445
  -10.674084    8.351115
   -8.889602   18.812151
   -1.991461   -4.818905
    8.093070    9.144968
    9.532348   -9.201177
  -10.304003  -10.323629
  -11.492600   10.293690
   -8.837496    7.053751
   12.129963   -8.928771
   -2.748531   -7.323226
   11.239654  -10.959876
   -8.980488   12.393886
  -13.209179  -13.509026
   14.068442   11.855082
   -9.004835   -8.099737
  -10.728343   13.226332
   13.484420   -6.076174
   -9.131918   -9.444079
   17.753973  -10.051238
   12.487293    5.030171
   -4.911947    6.123489
   -5.842849  -14.848224
    4.471208    4.085773
    9.905988  -10.264448
   17.792243   -7.761305
  -16.006581   -3.308741
   -1.431079   14.203273
  -15.217528   -2.653047
   18.089683   -1.413376
  -13.553669   -6.924252
   -3.189776  -15.377601
  -12.248743   19.893717
   -6.873063   15.354669
   17.776495  -14.766766
  -10.913794  -12.344403
    0.545251  -10.997598
  -17.781363  -14.168552
    9.416748  -17.309740
    3.213117    6.320159
   10.138751    0.166011
    8.325753   18.397417
   -5.322561   12.473202
    4.412446   -4.939874
   17.960589    3.577930
   -2.423948    3.028305
   -7.304912   -8.987887
    2.901811    1.761987
   12.545514  -12.891683
    4.044594  -16.823568
  -10.689952    8.010619
   -1.513395   -6.612973
    7.197828    4.194581
    4.953744   -0.966326
  -10.103444  -10.319501
  -16.044382   -1.151648
  -15.572031   -6.394971
   -7.779010    2.918580
   -2.692087   -5.574399
   -8.985041    9.597880
   -9.918707   10.194906
    9.081043   12.544677
  -14.635464  -16.340313
   -7.561463   10.942324
   -8.504705    8.394744
    8.288235    9.488973
  -12.747543    8.328072
  -10.397215  -13.627874
  -13.282886    2.393624
   -8.463453    1.319595
  -18.502034    2.466887
  -11.603496  -10.319717
  -11.289012    5.570827
  -13.864025    8.626912
   -8.211984    5.275471
   -7.507265   18.294963
    2.092364  -12.695131
   10.026031   10.641836
   -5.553179   11.330124
    9.444840    8.894679
    9.727351  -10.147583
   -7.260500  -15.963678
  -10.968094   12.616078
   19.498565   17.109706
    0.164424   18.112766
   11.321083   10.452381
    9.653332   -9.497304
  -17.817095    5.410630
    1.445873   -8.390292
  -15.522196    3.499245
  -17.345037    2.466285
  -16.800650   19.532924
    9.055263   -9.929322
  -12.692462   17.832769
    5.966468  -13.128126
    0.065136   -7.217619
   10.272713   -9.934953
   16.075106  -12.915948
   -4.541386   -0.335207
   -3.433050  -19.425936
   -6.721973   19.724926
    8.064895   -6.818563
  -17.709643    6.964082
   -9.508228  -18.254822
    4.901440   -4.240157
   -8.901849   -9.932509
  -10.369786    5.472972
   10.687366   -9.189327
  -19.462099   11.565293
    2.844313   11.608692
    4.721527    8.983841
    0.734867  -12.924639
    1.294228  -17.253886
  -10.941076  -18.003560
    9.860705   10.673560
   11.212708   -1.758041
   -6.794313    3.536676
    3.273615    6.193542
   -8.168119    1.086681
   -9.739856   -4.461873
   19.826740   16.384952
    9.896500  -14.200345
   -9.155816    8.790765
  -10.283976  -11.721943
    4.176845    2.619515
   -8.125478   -7.835020
   10.223371   12.519299
   -9.650710  -10.752765
    9.185420  -10.706554
   15.344586   11.167062
    8.887313  -10.131768
    7.156619  -19.382048
   -3.999701  -19.603962
   -5.609159  -19.697227
   13.988176   -4.312394
    9.496156   -3.107304
   -5.279234   15.043761
   -9.610002  -10.885737
    8.239535  -11.044729
  -16.826736   -7.169280
   10.119366   -9.459512
  -11.418576   10.708513
    1.371614  -19.814076
  -14.881412    3.633742
    9.298572  -10.203585
   -9.043918   11.507247
   15.462088   15.209829
    9.025917   -9.745737
   -9.493871   17.346531
   -1.523183  -10.427882
   -7.101484   12.454112
    9.025725   10.013960
  -10.731900   -6.405267
   -2.019401    9.223809
   -9.015729   18.831956
   13.844550    8.559649
   -5.017688   15.078693
   14.698646  -17.961981
   14.760583    0.895078
  -15.154036   -6.347639
  -10.243021  -12.288136
   -9.230567   16.819553
  -16.513436   15.447729
  -11.780539   -9.354523
  -17.556366   19.426020
    2.151842  -11.800738
  -12.142389   14.968315
   -2.786653   10.748634
  -16.613866    5.849530
   -8.812823    9.504003
    2.313284    0.344319
    3.247032   17.538328
   -6.861384    8.781219
    1.737057   18.701357
   -5.039617   17.952106
   -1.180373   11.201180
   17.051666   -9.969193
    3.569129    9.721472
   15.453748   13.001074
    0.851248   11.828551
  -19.512778  -16.436273
   18.139582   15.887193
  -11.735065   10.733665
   -5.687407  -13.113053
  -13.385930   17.570786
   14.936418    8.313763
    6.484025   11.625759
  -13.082820  -18.995091
   -0.542346    5.558553
   -0.768923   18.682344
  -12.761792   -5.708785
    0.928188   -1.018076
    8.878866   -9.333672
   -6.811647   -0.704069
   -8.958079    9.911722
  -19.560159    3.914352
    9.110011  -12.530137
  -13.350666  -19.972805
   15.486937  -19.150208
   -2.669264    5.813206
   -8.585124    9.031357
   -6.382100   -3.374059
  -16.283498    3.025766
   12.946977  -12.527633
  -10.255523   12.198254
    4.380388    3.876057
  -19.780296  -16.143150
    5.729683   -2.169934
  -14.971098  -13.276646
   17.913472   -1.142518
  -11.572508   10.648307
    8.351830    2.933331
    9.033691    0.976701
  -17.891425  -16.479477
   -4.560441    4.384396
  -12.357734  -18.539684
   -6.698437   13.342733
    3.874809   16.921829
   -8.940317   14.598363
  -12.416759   10.699015
  -14.885553    9.360415
  -15.642294    7.233253
   18.038790   -6.669569
    9.773099    8.956919
   -0.605464    3.046831
  -10.714048   10.315061
   11.156369  -18.653084
  -16.201841   -5.486407
   11.315890   -0.564459
   18.234241   10.788349
    6.429917   12.474745
  -16.195422   11.087952
   12.198365   -8.636224
   -7.611054   -4.932896
   14.600578   -1.904848
   -0.420657    9.325327
   16.414049   -8.446294
  -16.994694    6.081668
   13.778090  -17.070661
  -11.083039  -10.360369
    9.091201    9.495053
   19.053279   11.632535
   15.969862    2.498060
    9.390113   11.276009
    8.515149  -18.273981
    9.013228    9.476301
   -2.171590  -19.685882
    0.018361  -10.859145
   17.845635  -17.323110
    9.571209   15.213447
    5.135004   12.219294
   11.361366   -8.919657
   18.524195   -2.384524
    6.049019   -6.771027
   -7.727279  -16.473717
   -3.785906   18.736637
   -0.160892  -18.516122
   -5.272155   17.961377
   17.890452   -7.410291
   -9.259247  -10.073512
  -19.369158   19.361742
   11.383796   11.025738
   11.863524    1.020283
    4.822123   16.527073
   10.221290   10.832830
    8.370756  -14.792920
   -9.950898    8.419692
    9.535081   -0.081754
    8.059568  -16.951472
   11.034920   10.773343
   10.443730   -8.758053
   -8.415296    1.556532
    7.839782    3.232375
  -16.464385  -17.563972
   -3.350954   -9.285742
   -0.896815   -0.335856
  -11.448969   11.121902
    4.461791   -7.760210
  -11.907863   14.330346
   13.590908   16.472239
   -4.350428    6.657639
   12.133883  -16.624034
    9.310313   -0.967346
   13.656101   -3.252420
  -11.921091   -4.929187
    8.739526   13.344869
  -11.201581  -10.500360
    2.568692   10.880184
   10.224675   -9.891985
   -8.086736  -15.509121
    6.043389    6.061849
   -7.017471   14.807276
  -10.504644  -10.561364
   12.022683   -1.663438
  -11.902223   10.805998
    6.092709   11.476532
  -11.728715    5.555577
  -13.008431   -9.478009
   -8.442986    6.955910
  -13.374012   -9.450834
    2.927859   14.343452
   18.577228    5.189842
    9.104616    9.357946
    6.386018    3.778004
   -4.173912   -0.932735
   11.851017   -9.760525
  -14.668529   -8.215923
   16.751883  -16.556728
    3.801393   -2.877222
    1.016622    0.725586
  -13.916015    7.119959
   13.803115  -11.604800
  -14.979146   -0.046626
   -5.914796  -17.245236
    2.134801   16.241365
    8.671433   16.891982
    3.907296   11.341315
  -13.485974   17.810178
   -7.756132  -11.968747
    6.343291    7.235221
   -9.935659  -10.032962
  -10.973942   12.317261
   18.411927    7.215319
   -7.005981   11.622408
   10.238612   -8.656427
   13.252333   13.572651
   15.616275    3.261503
   -6.935646   10.266564
  -12.254582  -15.460340
   15.470582  -12.999867
    0.511295   -8.693488
   12.315268   -8.815175
    2.258238   -1.674320
  -19.531210  -19.646215
  -18.400084   -5.634342
    0.676052    8.930812
   -0.335993   12.984957
    3.601229   -9.898301
    4.374532   11.394951
   14.165372  -13.090319
   -8.977001   10.648078
    8.635388   -2.291853
    3.538302  -10.665855
   18.815597   17.322596
  -12.672216   19.998563
    5.672534    9.705476
    9.932596   -2.760384
    3.063505  -16.067458
   -9.422481  -17.848390
  -16.865141   13.580492
   -5.945511   17.049230
   16.109940   -6.489425
   11.023250   10.147793
   -1.272502   -9.111199
   -4.564145  -15.761060
  -19.918452    4.048967
   -1.756564    3.660254
  -15.484878    8.835769
  -10.330301   16.033125
   -5.567239  -18.414893
   13.108113   -6.903271
    4.135066  -18.338430
   19.184857  -14.600832
    3.679328    4.049409
  -10.254667   -3.969631
   -8.565563   16.931368
   16.571994   -3.449838
  -11.898683  -15.619047
   10.289561   10.755330
    8.862522  -10.988816
    3.421431    1.486246
  -12.871617  -11.946635
    8.212313   10.355837
    4.852530   -8.660521
   10.859517    1.997696
    6.988655  -15.807047
   -0.079669   -5.947385
  -15.002220   12.228419
   10.298592   10.457780
   -8.069861    3.009537
   -2.558073   11.233993
    4.641052  -19.895064
  -16.289886    7.132019
  -10.606460  -10.407676
   -8.040424  -18.976954
   -2.143904   18.793579
    1.709130    0.651364
    4.716211  -17.614208
   -6.620843   -6.296636
   18.404679  -18.628017
   13.464068  -10.243952
    4.974115    3.046940
   11.055590  -11.216799
   16.046369   -8.507339
  -15.225825   -3.935617
  -10.548374    8.550387
   19.694362   -5.228431
  -10.021267    9.465538
   -8.139493   12.984691
   -9.900478   10.137372
   -5.799830   11.563096
    7.597953  -12.764591
  -14.954535  -10.346377
   -6.456023  -17.672568
   -9.480641  -10.359377
    9.699670   10.175678
    0.234688   13.514833
  -12.126148   10.353298
    1.095570    9.053872
    6.696886  -19.936033
    5.362916   15.183516
   -5.618194  -19.632838
    4.166878   18.807942
  -19.891619    5.410713
   -4.295491    9.659456
   -8.329653   12.907513
  -10.319690   16.741328
  -18.265886   14.078619
    9.642061   10.293191
   -6.053168   -2.596421
    3.840245   19.149784
   19.905559    9.596405
  -19.759222    1.299347
    7.422430   -4.899014
   14.738442  -18.581481
    3.814292   -0.534795
   14.326240   -1.367844
   14.277464  -14.702276
   16.942688    0.417079
   10.469430    9.480812
   -8.356540   -7.582390
   -1.143632   13.986235
  -14.562365   -6.159329
   -5.787782  -12.071717
   -0.717514   14.900687
   -4.424798   -1.691485
  -16.259358  -17.443312
   -9.059012   10.411075
   -0.282211   12.081641
   12.039415   10.707282
   11.152162  -11.017049
   -9.641298   -8.592616
    3.043559   12.603770
  -10.443785   -8.856596
   -0.088090   -6.967241
   16.021502   -6.160305
  -12.902673  -14.814848
  -10.780968   -6.908500
   -3.013796  -14.383867
    9.910347   15.742372
    8.498196   -0.090833
   -8.585704  -18.726649
    8.229614  -16.851086
   -8.650506  -11.425818
   -9.999834   10.967513
  -10.149982  -12.773905
   -9.901270   17.895191
   -0.017070    6.173037
  -11.080298   -9.752621
    9.633498   11.424257
   -8.730689   -8.289426
   -2.301114   14.237521
   12.247264   -3.396990
  -10.584388    2.233380
  -19.332152    3.691703
  -18.850361   -7.883325
   -0.451001   -5.609085
  -16.180677   14.435414
    4.656508  -19.298087
   -2.719771  -14.567380
    8.720382   11.128788
   -8.786127   16.204823
   -8.218177   -9.247282
  -16.483829   10.987486
  -10.520649    6.720824
   12.894865   14.212676
   -6.982972   16.902994
    0.885271   13.337379
  -18.069467   15.084774
    8.864746  -10.970200
   -9.829205  -10.086844
  -18.418908  -16.609094
  -14.430004    0.285125
    2.653242   17.291646
  -17.381828   -7.308786
    5.397009   -5.635803
   -0.847280    4.595701
   -3.684114    3.734892
   -6.067041  -12.288669
  -10.012612  -15.738577
  -12.733747   -0.905442
    3.554642    8.927254
  -18.733654    1.886179
   -9.946511  -10.861911
    5.932660   -7.895848
   10.994289  -16.973083
   -9.852896   12.249531
  -12.475027  -15.593323
   13.960635  -14.330854
  -11.204206  -15.559201
   -1.132151  -17.543414
   12.849624  -12.130114
    5.087544   19.651883
   -8.162068   -2.559159
    6.777577    4.258079
    1.010724   -8.613399
    0.151441   15.742730
   17.800886    7.869548
   19.571765    7.905402
    4.594385    8.864254
   -2.126567   11.627126
   12.769768   -8.367714
  -16.821571    2.945814
    8.643509   -9.680082
   18.678454   18.091594
    2.896934    5.546332
   -9.928178    9.295553
    8.905266    7.709511
   -7.828987   -9.527648
  -15.711238   -3.466848
   10.204554   11.050905
   10.786975  -11.807862
  -16.376587   -4.086734
   11.855938  -10.237003
   -8.080088    0.390197
   14.974563    2.140246
   16.830130   14.444786
  -14.201295    8.967211
   18.489028   13.930317
    8.535311    3.712141
   10.862956   10.340310
    8.886514  -19.566961
  -11.534243  -11.095932
  -14.124351   -6.560450
   -5.225511  -16.384432
  -12.391353   -0.156040
   19.218000  -17.031418
   -3.395763   19.355612
  -10.325953    8.434365
   -9.797183  -14.978736
   -3.680561  -16.062658
    8.755484   -9.518266
   15.952840   12.039646
    2.928981  -18.686549
    5.881517   16.537037
  -15.769912   -5.811503
    8.233263  -13.961144
    1.050282  -10.134597
   10.676896    9.401613
    6.971877   -0.212313
   10.858710    3.125131
    4.258862   -1.070708
   11.807550  -14.323396
   -1.259700   -9.912455
  -18.818388    4.014750
  -11.864281   -4.024606
  -10.751474   -2.894611
   -1.046962   13.236931
   -9.303419  -10.739918
   10.462742  -10.897580
   -2.761927  -12.816468
    3.794833   -2.779834
  -10.526998  -11.089448
   13.652574   -4.313593
   -2.744262   -8.483989
   -5.021267  -16.755377
   12.315749  -10.741887
   -9.417519   10.509863
   11.292427  -12.271342
   -8.719224    8.794877
   -9.976734    8.181165
    5.137031  -18.794459
   -4.070463   -1.027344
   -0.000693    9.202600
    5.325427  -10.683118
    7.382430    0.498788
   17.823730   -6.448895
   -9.389985  -10.521737
    4.947333   12.591453
   -6.858170   13.493686
    5.304965  -16.282030
   -6.083123    0.139244
   -8.199735  -11.610300
   -5.769440   11.814827
  -10.363726   11.217654
   -1.288520  -14.847171
    2.518101   11.517730
    9.304670   13.882206
   11.574616    4.347577
    7.506065   15.657213
  -15.986601   10.087915
    5.950398   15.933243
   14.214307  -18.102779
  -14.237556  -18.459663
  -16.540573  -11.370268
   12.097904   -2.223025
    3.676910  -16.313764
   13.548277    7.122742
   -1.446847   -9.491750
   10.470735  -11.205772
   17.488116  -11.353523
  -11.908479    3.361738
   15.663316   18.238542
    1.924250  -17.162345
   -6.747039  -18.530508
    9.219399   -2.781410
    1.947798   -3.603093
   19.196625    4.765095
   18.702895  -10.932209
    8.381137  -11.589281
   -2.890947   15.587692
   14.899396    8.225321
  -12.033418   19.868080
   15.566759  -18.364513
  -18.722668   10.836533
    8.547906    0.750380
    8.150331  -11.453960
    4.891750   -8.219374
  -18.570216   -0.971117
  -13.350823  -19.649089
    8.891777   10.227857
   -9.038916  -11.255214
   19.896161  -15.636048
   -3.934634    3.329702
  -19.673922    5.544978
   -0.489611  -16.487597
   -2.851816    0.621684
   -0.551462   -6.115991
   11.009250   -9.216840
    7.696803   -0.060145
    1.525570    2.886212
   13.326935  -11.510331
  -13.583496    9.407613
   -1.290783   -6.370408
  -11.511294   -7.222410
   -6.216343  -15.494482
   -5.648558    0.169088
  -16.473184   17.661113
    1.298964  -16.686061
    2.684072   16.347807
   -9.774213    9.215436
    1.267672    6.634900
   -7.056040   17.174526
    4.367553   -4.596102
   -8.552239  -19.619674
    5.879072    8.002296
    8.662590  -14.379355
  -10.811048   11.706756
    7.749389   -6.688457
   -1.495534   -8.920959
   -8.638685    7.171619
   -2.672484   12.185108
    5.073715  -10.768175
    9.497417    8.217987
    9.750838    2.557176
    7.721941    5.049494
   -3.879007  -16.131092
   -6.624429    0.919511
  -16.558424   12.362394
  -10.595274  -10.001429
   -5.743435   10.238150
   -9.058095    9.810616
    7.114841  -16.879940
   10.531699    9.718779
   10.421182  -10.196736
   11.328601    9.181138
   -3.034314   10.271364
    9.341546   -6.980697
  -13.878377  -11.899022
  -15.011582   12.523903
    8.235773    0.478018
   19.581377    5.582560
    9.372426   11.403759
   10.435388   -6.769686
    8.242212  -19.490019
   11.001456  -15.796512
   12.751091    1.913005
  -18.666315   15.809635
   -1.066943   -5.273772
    0.843361   12.738105
   11.621914  -12.722668
  -10.192931   11.301508
    9.883280    3.288237
   -5.067339   -0.047566
    9.028623   -9.446575
   11.816834  -10.466506
    9.256714   -8.299935
    9.687876  -11.934660
   15.489253  -17.006137
   -8.509377    3.503246
   -1.985469    8.842865
   10.283979  -11.442294
   17.870224    9.509087
    9.845498    8.502502
   17.208035   -8.749193
   -2.820964   14.884177
    6.852762    5.224023
  -19.036993   -5.682824
   -8.933562    8.450060
   15.165941    3.890367
   10.481695    9.953386
   10.738548   -7.163193
   17.459471  -18.876651
    7.978426   -1.241328
  -17.239098  -10.715072
  -19.091377   17.443989
   11.311701   -5.117089
  -11.116802   11.788519
    9.534003    8.501453
    9.051190   10.861743
  -19.905294   15.560617
  -11.378795   -5.148827
  -14.709601  -15.421809
   10.115135   -7.497169
   10.536054    7.817092
  -11.221483   10.478945
  -11.593534  -11.527204
  -12.430236  -11.589822
   -4.133904  -18.898136
   15.171590  -10.903080
   -8.783744  -15.727982
    9.677523  -12.064360
    1.124929   13.845218
  -14.032018    5.969765
   10.322193    4.561835
    0.063679   14.561471
   -5.538857   -4.756248
    3.658559   12.671418
    7.539807   17.144217
   13.001418  -15.376368
    0.392379    5.767353
   -5.353065    9.859256
   -9.481275   -5.159040
   -6.843220   -0.256732
   -9.427539    8.968181
   -3.205460   17.799059
   15.321278  -17.118060
   -9.964769   -0.424445
    1.923551  -14.318352
   17.196315  -12.721769
   16.582438   -8.215028
   -1.604310   18.626430
   13.289324    1.098391
   -5.133494    9.702344
   -4.830294   -1.817834
    9.019706   10.045336
   11.144099   11.771711
    6.320183  -18.641375
    9.876711   -9.297498
  -14.124595   -2.689630
  -12.308862  -15.008102
  -10.139631  -10.474880
    4.546644   10.856844
  -18.046675   14.213805
   15.035497   15.229121
    7.560810  -17.381539
   10.673032    9.609702
    1.298217   18.274239
  -15.929631   19.413646
   16.626943   -9.384803
   14.770582   16.831865
  -18.168135  -17.604306
    5.611256    9.055062
    9.636477   -9.448756
   -8.618462  -14.595083
   -9.886469  -18.345907
  -17.168595  -14.107181
  -10.073816  -10.144790
  -13.261441  -13.461063
    5.182777  -18.104273
   -8.957418   -9.551806
    3.872631    1.680722
  -14.610021    6.107667
  -10.147140  -10.866712
  -15.727163  -16.324635
   10.518166  -12.014828
   14.839124    0.738089
   10.949495   -8.492279
   19.923655   -5.668797
  -10.061493    9.190199
   15.219886   14.145340
   -6.108050    1.733308
    0.096457   -0.846379
   19.488750   13.393203
   11.598136  -12.374923
   -2.220972    1.199932
    9.856999   -9.837815
    3.195484   -4.993429
   17.205811   -9.003491
   10.785135  -13.365044
   -9.094279   10.626246
    1.095882   -7.239829
    0.837030  -12.801531
  -11.769008    8.882893
   12.351377   11.748586
   -1.633705   18.668604
   14.720260  -16.594548
   -9.689213  -19.440570
   -7.862767    1.598026
  -15.540099   17.523453
   10.051666   10.217539
    3.980825   -9.805408
    9.575789  -10.888462
  -11.513434  -15.852434
   11.408674   -9.961232
    6.068148   17.036272
   11.575156    9.694423
   17.253535   -1.203026
   19.212992    8.023978
    6.128627    8.642131
  -17.990338    3.124299
    9.031916    8.936056
  -13.774846    3.661545
    4.446390    6.198591
   -4.119245   -1.167223
    5.388143   19.768617
   -9.196415  -10.842609
    8.066982  -10.816018
  -12.438138   19.283553
   -4.693884   -1.506596
   -8.907087   -1.911548
    6.647534  -13.559686
   -6.906148   -6.442460
    0.859932  -14.047425
    9.000653    4.801017
    1.654390  -11.386528
   -2.860515   -5.800768
   -1.653137    8.815502
    3.129016   15.936135
   -0.339449   12.162011
   -2.935952    3.055729
    9.266435    3.432062
    0.617785   -2.666321
  -14.056022   -0.802530
   -9.805743   -8.983873
   -2.312502   11.877312
   -7.053190   -5.520034
  -10.066013  -10.211533
    1.329751   16.938122
   18.777674   -9.117123
  -10.254927    9.712946
    7.450483   -6.351418
    3.787695   16.420081
   11.823500   18.265220
   13.637214  -14.105167
  -10.302311   11.189478
    3.693513   10.679914
    1.598463   -2.914819
   19.081837   15.801364
   -1.278620    3.345406
   -1.571209   14.680108
   -9.920104   -7.298706
    1.652951    4.515750
   -9.277947    1.390548
    9.508808   12.707082
    3.020078    1.051398
  -19.393585   -2.338593
    9.197563   -6.725686
  -19.264060    6.152315
  -19.614957  -10.663866
   -3.324677  -14.223392
   -9.618961  -15.405849
    5.034586   -9.319549
  -16.248337    9.221195
    9.150870    5.592092
  -13.945480  -15.319640
   -9.264798   10.774391
  -10.074373    7.340448
    3.002081   14.060810
    9.081102  -10.995066
  -17.460670   -5.213052
    4.656590   19.817142
   -2.410917    1.552009
   -8.456836  -10.092875
   -4.521764    7.041694
    7.956412    7.003948
   -9.988217   -9.558475
    0.515991    6.613124
   11.722675  -18.070751
   13.303676   -1.531601
  -13.069872    4.767114
   11.170623   14.964987
   12.310324    3.190384
   16.501960    7.697286
   18.055292  -15.328619
   14.789150  -14.423798
   16.788717   12.490533
  -11.749979    5.627298
    9.704697  -12.409601
  -16.987929    1.510104
   -2.246959   10.435880
   -1.663278   -3.377369
   -2.450604   11.112300
    9.823616   10.798112
    0.549644   -2.192980
  -16.749579   17.409485
   -2.004906    8.268075
    1.061062   -4.238426
    2.813346    9.413745
   18.610070   -1.613850
  -15.978823   14.971458
    2.824873   13.125384
    9.362697   -8.576449
    1.793979   10.523553
  -11.576183  -10.493454
    1.299978  -19.854658
   10.559274   -9.266186
    8.750028  -10.157753
    2.017108   -7.283321
    5.145365   14.650728
  -14.129528   14.808910
   -2.118961  -15.464041
   -4.076381   -1.789780
   13.213786  -15.773872
  -17.281516  -11.231979
  -14.318181   18.592789
   -6.824090   -4.415280
    7.389040   -7.646601
    9.692555  -10.526202
  -12.963737   12.625714
   14.842699    6.070839
  -18.706828    7.412189
   18.620123   12.320066
  -14.636349   -5.279116
   -4.308380    8.000089
    1.225522    2.719617
  -19.957127  -14.235898
   16.647279  -18.865321
   10.031127   -9.673298
   16.053907    6.292153
    8.091254   11.123196
    2.954674   -1.269788
  -14.968833    7.428945
  -18.310692    3.042802
   -4.336733    7.493698
  -12.135682   11.468540
  -13.709899   18.777415
    7.014942   14.824316
    3.544372   -6.348296
   -5.369452   16.374727
  -14.469462   19.398470
    9.399184   -9.420111
   -9.372067    5.148217
   -9.165409   10.004084
   10.302306    9.407105
  -16.421440    1.670315
   -9.523672  -16.648105
    7.766607   -7.528366
    2.521640   -1.167800
   -0.127674    3.682653
   -9.917046   10.300507
    6.817038   -1.908733
   -8.937025  -14.082986
   13.882079   10.675908
   17.974636   -5.268631
   -6.225266   -5.862346
  -19.159440   14.599546
  -13.014436   19.056358
   -7.550961   10.251127
    2.915110  -13.626205
  -13.682687   -1.657316
   -9.632500  -19.873613
    9.193539    2.598411
   14.150283    9.840892
   -7.539168   -5.703166
    3.146228   -4.807816
    4.535791   10.730173
   -6.835337  -15.633453
  -15.813762   15.333572
   -5.589396   17.319778
   18.735056   17.121095
   19.906784   13.131511
  -10.800353   18.479685
   10.074315   11.452338
   12.513919   15.961437
    5.591761   -6.683760
   -4.988017   -7.545436
   16.909644   -1.822436
   15.329962   -0.883851
    5.403940    1.273751
    9.431413    2.872888
   13.004392    7.978211
   19.713655  -14.464510
   -9.068226   -8.221770
    5.872850    0.129614
  -19.873359  -10.122099
   -0.374429   -2.592152
   -2.107287    3.495343
   -9.189444   10.503852
   -1.810095    3.752719
  -15.648738  -11.942436
   -5.860370   19.793818
   -6.161972   -5.330784
   16.732090    9.357771
   -9.480606  -19.957482
  -13.342877  -17.714190
    0.586162    1.608647
  -13.690474    8.422348
   11.481892    5.706547
   -7.959637  -14.205534
    2.817781    3.194153
    2.981744  -14.652614
    4.081000   -7.247544
   16.489477   19.922667
   13.187811    8.289475
   14.829203  -10.702698
   -7.728688   -8.769054
   16.637834    5.470860
   -3.390781    6.736903
  -14.981509    6.769683
   -6.382146    2.601161
    5.039317   11.362935
   18.555536   -9.095627
   -8.821636   -8.833372
   19.233059   11.542976
    7.905675   17.963986
    8.756406    9.821596
   12.584995   10.273473
  -10.491149   -8.467567
   -7.531576    2.283535
  -10.425427   -9.621069
   -8.066058    1.944945
    4.428911  -16.883314
   15.188494   14.151852
   -3.808017   14.522516
  -15.393172  -14.049865
   15.628085   14.827451
   18.152991  -10.104019
    8.937699    7.439858
  -13.303513   -8.964104
    7.132224    6.974525
  -19.616307   13.725461
   10.812241  -12.645832
   14.266071   -7.175920
   -9.456651   -9.034727
  -17.336614   17.326353
    6.285015   -2.630661
    0.083083   -2.559189
  -17.206866   -0.769548
   -4.733214  -10.298982
  -15.250954  -13.494945
   19.214136   19.668087
    5.641654   -3.564933
   14.946218   -7.929881
   -1.836081   13.596921
  -10.664639    2.718062
   -5.814397   18.288330
  -17.242930    6.075493
    8.188020  -10.163614
   -6.749131   -5.151203
   17.158239   10.515346
  -12.514396   -5.730680
   18.816209    7.208059
    1.814510   -8.924122
   10.200482    2.128675
    1.355076  -15.941348
   -4.991437   14.459819
   -8.709338    8.565136
   13.871497   13.195990
  -10.581671   11.374676
  -12.985044  -11.688802
  -10.768349  -18.409406
   10.091687   12.092825
   15.978218  -12.614600
   10.159133    9.919215
  -10.858803   10.150357
   -3.557044   15.346279
   -1.238522   -0.106518
    8.401488    9.910262
   10.682813    4.858741
  -18.123918    7.630607
   -9.396081   10.676785
   16.249863   17.641277
   14.795380   -7.388689
    7.257011   -4.360777
   17.643480   -3.582129
    9.740886   -3.404434
   11.631235    5.314049
    3.854217  -10.714022
    9.886790   -8.990544
   10.482742    9.613062
    5.606509   -5.427781
    1.271242   -4.913828
  -19.561617   10.655426
   -3.858152   -8.166842
    2.317412   18.573742
  -11.024616   14.489162
  -13.421754    9.385830
  -19.577353   -6.788747
   18.028959   -9.604605
  -10.382859   -9.333482
   -7.561624  -11.623164
    1.253391   17.621029
   -0.963817   12.048317
   17.841698   14.613672
  -12.112763  -11.521420
    6.582726   18.094047
   -9.047982   13.242611
   -6.258331    0.760112
   -8.168564   -6.481317
  -17.379641   -7.639142
    3.399909   16.457050
  -10.644300   -5.241823
   11.908501  -14.923448
   16.729618   -0.276368
  -13.469663    5.600902
    0.139177    7.370325
   -9.616391    8.751077
   13.212073    7.386919
   -7.369154   -2.233788
   -8.701915  -10.994449
    8.827726   16.030294
  -17.238934   -0.754588
    8.354185    8.124038
   -3.141633   -1.108537
   16.421273   -2.029660
  -13.387882  -15.208137
  -18.264408   14.407265
  -12.040579  -13.134475
   16.238142   15.474758
   -8.670286  -19.354807
    5.626695  -18.748847
   17.025821   -5.979092
    4.807516   17.230777
   14.618547  -12.420244
  -12.861207   -2.525186
    4.565454   14.209728
