    9.795554    8.844413
   -9.404451    8.532171
   19.915466    9.499081
   -8.390010   11.526725
   11.088990  -10.791268
   -9.940490   10.071823
  -11.109434  -10.013919
   -9.107878  -10.012426
  -17.635090   -3.454921
   11.014924  -11.270769
   13.883573   -6.620987
    6.143888   -7.276353
  -10.270363    9.441295
    3.708591   13.529558
  -14.034881   15.034731
  -12.084938   -7.906158
    9.685034   12.327057
    9.202536    9.047941
   -4.782223    0.178851
   -6.333959   -6.557322
   10.257017   -9.128229
    9.355124    8.339130
   -6.016864   -0.707278
    8.941919  -14.836556
  -11.001707    9.443489
    9.342369  -10.708454
   10.467761   13.861685
   11.363595   10.977744
   11.607933   10.740871
  -11.226656  -10.113575
   10.611829   10.602487
    9.671825  -10.710526
    8.732502   10.135733
  -10.937436  -10.051042
    8.479736   -9.350910
  -11.156367    8.498398
   -1.985817    7.118287
  -10.741707  -10.536695
   11.005522  -10.414384
  -11.519547  -10.107364
   10.342980   -9.299990
    9.989720    9.687808
  -12.754505   -8.140321
    9.756696   -9.147295
   11.506248    9.615708
  -10.689526   -8.924729
   -9.039555   11.137573
  -11.095643  -10.137492
  -10.589069   -9.719614
   11.161989  -10.285543
  -10.777899  -10.766657
   10.224325  -10.049745
   12.598158   -8.788071
   10.811414   11.237180
   10.153608    9.318426
    9.712715  -10.251362
  -11.439482  -11.139965
  -10.280764  -10.662131
   10.919949  -10.869188
    9.682549  -11.134995
   -6.209130  -16.376888
   11.364717  -15.411388
    8.143538   11.789025
   -9.872280    9.972070
   -9.180118    8.806736
   10.710371   10.611256
   11.575837   10.906868
   -9.386575   -9.939953
  -11.145425   10.021349
   -9.440644  -11.245609
   10.827866   -9.444808
    9.988880    9.970429
  -11.629527  -10.235482
  -10.476693  -10.041443
   -9.608472  -10.261788
   -9.799314  -10.134409
   10.075166   -9.287536
   -8.983324   -9.522657
  -10.533387   -9.573880
   10.429634   -8.408694
  -10.963527   -8.947647
  -11.104154   10.843752
   11.854967   -8.750255
    8.895203    8.739774
  -10.281242  -11.677919
   11.669945  -10.063712
    8.927377   10.000075
    7.740230    9.811015
    9.830084   -9.496264
   -9.953851   10.265839
   -9.622840  -11.357652
  -17.501611    3.610276
  -10.816178   -9.246936
   -9.038350    9.470333
  -10.035999  -10.308255
    9.709416  -10.804059
   10.045167    9.007269
   10.007563   10.825498
   -9.392829  -10.306160
  -10.327559    8.821246
    0.099913  -17.761185
  -11.140903   10.218459
  -11.096471    0.160413
   11.039022    9.765980
   -7.546623   -0.931239
    8.991935   -9.604409
  -17.142621    9.643255
   10.114045  -10.279973
  -10.327322   -8.871594
   -8.553385   -4.514444
   -9.068491   10.844657
  -10.125525   10.637042
   -6.263596   14.250676
    9.240462   -9.575683
  -18.372178  -16.916317
   -9.780676   -9.921242
  -11.003874   10.863712
  -10.359246    7.870777
  -10.391481   12.214542
   10.477949   12.486341
    9.268054   -7.958880
    9.485299   10.350352
   -8.672581   -8.898523
  -15.230008    5.085241
  -11.712780   10.518268
  -10.424656   10.225667
    8.861126  -19.645380
    7.091810   -8.792758
    9.245656   12.899588
    8.383754  -10.193441
    8.615812   -9.116779
  -14.280769  -17.166074
    9.118036    9.827198
    3.465153    9.444707
  -11.126757  -11.266716
   12.433848   10.649733
    9.422221  -10.957804
   -9.396034   -9.548188
   15.850574   16.853362
    8.893144   10.852089
   10.335972    8.656089
  -11.088146   10.897813
   -9.503339  -10.142545
   10.213934    8.272994
  -11.644350   -7.624427
    8.698568  -11.013255
    4.628094  -13.656045
   -7.780839    9.277314
   -3.496119   -6.221479
   11.151563  -11.022526
   -9.940384    9.511409
  -11.136436    9.879519
    9.704305   12.036458
   10.679912    9.799462
    8.764106   -8.633270
  -10.572619   10.143164
    9.808254    9.683181
  -10.181088  -10.695417
  -19.447020   19.833112
    7.328251  -19.936194
    9.101107   -9.831826
   -8.383973    9.419776
   10.742727   10.047126
    9.625695  -10.025034
    9.138281  -10.059955
   10.077530  -11.235270
  -16.188035   -5.025272
   10.596337   -9.452788
   11.751794  -10.148630
   10.464621    9.664868
   13.265998   18.385955
   10.417798  -11.159428
   -8.712170  -10.445690
   -9.187400   13.972825
   10.501130   10.253993
   -6.138430  -14.679436
   -8.931401   11.642070
    9.569844   11.039961
    9.983489    8.732948
   10.520835   10.401528
  -10.680850    7.970522
   14.360974   15.736506
   -9.295764  -10.175073
   10.305045   -8.847728
  -10.637143    9.768903
  -10.135480    9.146513
   -8.504611   -8.764384
    7.605122   10.023652
   -8.170238   -9.047134
   -2.825389    7.642493
   -9.471391    9.003119
   -9.913570  -10.050906
   10.441896   11.833723
    9.626899    8.805877
    9.887368   11.713924
   10.829412  -11.392394
  -10.856263   -9.502575
   -5.506050    9.528102
    7.801413    8.658313
  -10.627900    9.650435
   13.404460   -1.597319
  -12.206116   -9.440515
   -6.436901   18.112778
  -10.096544  -10.987404
   -9.700532  -10.762484
   11.388952   13.556368
  -13.099666  -18.049643
  -10.322345    9.829154
  -11.404404    8.392966
   10.788827   10.816323
  -11.235382   10.482736
   -4.765332   10.995936
  -11.483916   11.393063
    2.047514   -3.003137
   10.227264   -9.577313
   -8.832196   11.283207
  -17.077754   -8.329676
  -12.206233  -10.632745
    9.976703   -8.160956
   -9.010798   -8.986774
  -10.373216   -8.988165
    8.209735   10.764308
   -8.861631   10.580498
  -10.350562   10.216758
    6.511323   -6.956604
   10.876577   11.218091
    9.471065    9.633030
   10.464478   -9.182101
   10.632153   -9.702986
    9.609158   10.701214
    9.758620   -9.746598
   -4.643540   12.240197
    8.746935   -9.064668
   12.182646  -11.308758
    7.073329   -5.456631
    8.176579  -14.216059
  -10.404789   -9.283193
   -8.898148    2.712865
   10.765888   11.419649
  -11.021643   10.578241
   -9.796862  -11.360119
  -17.722846   -3.990523
   10.908572    9.303694
   -9.073803  -11.438691
   10.645434    8.781930
   10.330798    9.719338
    8.441526  -11.606389
  -10.167616    9.510056
   -2.838001   15.891515
   -9.962216   10.291368
    1.517748    4.890267
    9.591862   -9.212573
   -9.745554   -9.626090
   11.686149   -9.711383
    9.687752  -10.500551
    9.388126  -11.975799
   14.558928   19.611634
   -0.675299   18.104413
  -10.301196   10.341722
   -9.610112   10.745282
   10.280841   -8.877935
   10.489402  -11.010615
  -11.564836   10.503687
  -10.311353  -10.053516
    8.401065    9.237772
    6.628506   -0.212326
    9.875277    8.822800
   -8.472591  -11.312454
  -10.788356   11.056250
  -14.567297  -16.322509
  -10.845048   -8.602183
   -9.576602   -8.423487
   11.791103   -9.923859
   -0.747621   -6.964512
    8.963889  -10.250733
    9.291770  -10.887085
   -8.963990  -10.028816
   -8.273296    9.628765
   11.560417  -10.526842
    9.130830   -9.806199
   -3.658211   -2.220676
   -9.595242  -10.084667
  -10.585825   11.322510
  -15.575607    5.705905
   -8.799244   -7.631302
  -10.832426   -9.329521
   -8.894119  -10.947424
   -4.057896   -7.806942
   16.986581  -18.604006
   -9.334299   -9.710446
   10.038493    9.646050
    9.940998  -11.097523
   16.403491   17.112606
   12.303448   -3.307730
   -9.734309   10.154954
    7.996258    9.762348
   13.508213   -9.315572
  -10.916640   -8.694574
   11.175108   10.472629
   -8.723874   11.429306
   -7.201732    9.804124
   -8.854178   10.997306
  -11.348084   -8.869979
    9.617593   11.648316
    9.678106   11.344252
   -8.638328   -8.590513
   10.175608  -11.374898
   10.996434    9.161017
  -12.043168   -9.038582
   -8.090815   -9.059322
   -9.649127   10.144574
    1.783319   -2.288713
   -9.953651    8.050379
   -9.195348  -10.975191
   -8.614219   -8.991662
    9.500764  -10.536200
  -11.604613   -8.179129
  -10.887002  -10.119965
   10.338791   11.248812
  -13.081022   -9.180249
  -10.783775   10.697175
   -9.549284   10.929167
    8.827011  -10.119116
   10.632308   -8.480248
    1.768255   -5.634400
  -10.759457   10.495852
  -10.090593   -9.628134
  -11.966973   11.015266
  -11.049513    9.542081
   -8.003311   -8.177549
    8.134180   11.330471
   -9.141061   -8.392226
   10.529569    9.331075
    9.854357   10.076996
    8.929559  -11.034498
   -9.207268  -10.358066
  -10.705625   10.443997
  -10.393296  -10.810342
  -10.168745   11.062442
   10.027392  -12.091534
   -9.944385   10.371023
    9.739435   -8.456062
   -9.747860  -14.355273
   10.214113  -10.330124
  -13.594627    0.570358
    8.207872   -7.828788
   -8.808006  -10.261815
   10.033529   10.255992
  -10.562658    9.367349
   -9.686043   -8.890497
   -9.099850  -10.564583
    9.418694   -9.514720
   -9.862297   -9.944955
  -10.331133    9.817497
  -14.810024   -1.503850
  -11.158725  -10.699693
   10.640021   -9.755744
  -10.107889   11.334254
   -6.266322   12.918343
  -10.169716   -8.220584
  -11.058512  -10.216915
   10.066193   10.327072
   10.196918   -9.261570
   10.916541    9.131641
    7.868571  -11.315717
    9.784566  -10.541589
    9.175105   -9.930675
   -9.054822  -11.193483
   10.876880    9.106812
    9.828871   11.617934
  -11.096201   10.964537
   -9.716178   10.213459
    7.945667  -10.054668
   -9.939190    9.780566
   11.682119    8.549845
  -10.654102   10.833600
    8.474460   -9.843871
    8.757926    9.911213
  -10.375718   -9.132488
  -11.858129   10.392145
   11.309561  -10.367349
   11.277464   -8.870176
    5.719579   -6.572620
   -9.959905    9.623823
   16.867605    6.225637
    9.869982  -10.199567
  -10.624795   11.198248
    9.384431   11.752850
  -15.276592    4.385687
    8.282135   -9.076771
  -11.059721   -9.402327
   -9.007244   -9.719742
  -10.251336   11.284027
   -9.819428   -9.727139
   10.493234   11.745233
   -9.629923   -8.755142
   -9.629195   10.808058
    9.590077   10.631579
   10.176070   11.171530
   -7.731385   10.683950
  -15.159616   19.197554
  -10.230859   10.226318
   -1.487460   18.948419
   18.701552   18.323145
    9.016672   -8.319759
    8.915734   10.711636
    9.975754   10.047978
  -11.320248  -11.348496
  -10.307472    8.179013
  -12.003092   16.325573
    9.779342    9.559744
   -4.085830    9.885293
    9.617194    7.523146
   -9.497780   10.262910
   10.894544    9.915470
   -9.631354   -9.969867
   -8.608496   10.337635
    9.111577  -11.660105
  -10.751876   10.777122
   -4.646907   18.098243
   10.821685  -10.813129
   -9.500060    8.572304
   10.988618   -9.559496
    6.991102   19.210311
   -9.046874  -10.008597
   -9.448638    8.769248
    8.969903   11.234288
  -10.214982    8.644717
   11.139269   11.063231
   11.040956  -10.511484
   10.164732  -11.191496
    9.029175    9.253490
   12.276561   10.557350
    9.659201   10.491429
   10.041350    9.727287
   10.878994   10.125172
   19.872272   -0.787742
   15.144856  -10.318947
  -10.031818  -11.367876
    9.703917    8.739470
  -11.261182   10.211784
  -10.850596   10.425194
   -8.276519   -9.385362
  -11.456470  -10.480350
   -9.433889   10.930718
    9.701569   -9.051402
  -10.098654   10.132741
  -11.058950    9.886007
    9.618145   10.413258
    4.334002   18.512861
   -9.629243   11.078252
   10.089979  -10.991631
   -9.786535    9.132959
   -9.129604   -9.335171
  -11.856302    9.755553
   10.276321   -9.914863
   -8.969875  -10.055822
   -9.491251    8.515445
   -8.953141   11.300749
   10.179510  -10.628656
    9.681333   -8.806311
   10.600761  -10.888760
    8.623102  -10.791925
  -11.661377   -9.628604
    9.875066   -9.832345
   -9.548711   -8.326697
  -10.370846   -9.558708
  -10.246779   -8.793236
    8.215599    9.318377
  -10.180293   -9.109422
   13.566494  -11.446439
    8.548139   11.287956
   10.764383   11.004291
   10.100252    8.416889
   -2.990341  -17.466978
   10.230531    9.499497
    9.228989   -6.774499
  -17.933706    5.686212
   12.278018   -8.263508
  -10.447091   10.704395
   -2.297779  -12.015712
  -10.930849   10.385580
  -10.599135   -9.934816
   11.377150  -10.468223
   -9.697128   12.569371
    8.202835    9.891047
   12.002417   -8.957181
  -11.001648   10.483516
    9.467025  -10.401513
   12.449754   -4.974680
   10.643243    9.596985
   -9.968165  -10.213150
    9.768226   -9.829051
    9.294731    8.613008
  -10.198727   10.416079
    9.492666    9.634436
    8.510120    9.528441
  -18.256376   12.186807
   -8.682458    8.285614
    7.444230    9.397122
