    8.423860  -10.288317
   -1.373109   -2.603604
   10.384923   -9.367977
   18.393647  -11.983310
  -10.094662   10.247268
   -9.278014   10.073095
    9.803487  -10.906779
    9.838115   10.476925
  -10.292284   10.635493
   -6.765596    2.286443
   11.681546   10.504964
   11.038577   -9.674408
  -11.504056  -10.885663
  -17.246923    6.308297
   -9.967989    9.005295
  -17.941553   19.233275
   11.737104   -0.273050
  -12.165284  -11.082152
   12.133466   19.625805
  -18.260567    0.391243
   10.410245   10.468414
   11.562705  -11.198161
  -19.128029  -10.827589
   10.258009   10.629063
   -1.730775   -1.045414
  -10.149805    9.618369
  -13.929961    6.201074
   11.320861  -10.258711
   -8.948893   -8.376277
  -14.559151    3.667185
   11.555673   12.323073
   10.831781   10.611146
   -8.886339    9.553712
  -11.881119   12.183736
    9.246823    9.420849
   18.542626   17.954917
   -0.312114   -3.135961
   13.025386    9.390826
   10.449890   10.998181
    8.065446   -8.893515
    5.752343   -4.944481
    3.751634  -10.100198
    8.877818  -10.208337
   11.547566    9.218709
   16.189761    8.726033
  -11.221935    9.848512
  -13.455845    2.847556
   -9.517301    2.574782
    1.534275  -14.703538
    9.447940   -8.269564
  -11.238058    9.773739
   -9.406730  -11.049014
   10.514362    9.401392
   10.442802    8.555409
   11.313294   10.670891
   -8.598959  -11.318686
  -10.487259   13.974205
   -9.901438    9.110175
   13.904533   -8.688907
   10.339541   12.516233
    9.858369  -10.986398
   -0.402679  -11.647484
   -9.472792  -11.661569
    9.544174    8.441082
   -7.837666    1.617217
  -14.923503  -10.060793
   -8.770347  -11.460556
    8.909438  -10.396224
  -10.111984  -10.549245
   10.642734   10.734313
   -9.226182  -11.169955
  -10.672706  -10.143857
   10.865375  -10.558838
    9.188271   10.197198
    9.815705   10.233066
  -12.517055    5.780217
    8.699114  -12.276772
  -17.344254   14.992043
   10.885650    8.858818
   16.498332    7.371270
    9.427164    8.882692
   -9.550058    9.342561
  -13.752033  -16.299494
    2.423829   13.222208
   15.320796  -15.042617
  -11.477363  -11.357681
    9.226835  -11.029204
  -18.905153   12.461812
   10.477056   -8.012965
  -13.354185  -12.251708
   17.581359    0.530607
  -10.516561   -9.053024
  -10.349452   10.611927
   10.088556  -11.109233
  -14.075325   12.274984
   11.256656  -11.112291
    9.497199   -9.568381
    1.363409  -11.678515
   -8.954714    8.289480
    9.243906    9.351639
   -5.327455  -16.953261
   10.087279    9.326860
  -10.099770   11.720240
   18.248870    1.830924
   16.981664   -0.689129
    9.258400    9.468403
    3.822055   17.468496
  -11.319266    8.734147
   -9.832561    7.432332
  -14.868243  -17.555569
  -10.827465    9.517265
   -8.201899   -0.091299
   -4.432706    1.768191
   13.845640   18.594513
   10.529784   18.031166
   14.628806   11.792088
   -8.887281    9.358196
   11.516681   -8.051500
    5.722592    2.043173
  -10.816012    9.312759
    5.913505    0.581476
  -11.140804    9.347509
   -8.036222   -8.304387
  -12.309284    9.310293
   16.105859   18.640351
    9.335010  -10.814535
   10.928350  -11.049286
    9.739213   11.025503
  -16.265074   -1.044630
  -10.866431  -10.030023
   -9.354743   10.577741
   18.768271   13.426804
  -10.854986   -9.221674
  -14.085234    3.931569
  -11.154946   10.532639
   -9.872782   -9.301445
   10.801738  -11.054990
   10.832533   11.567799
   -9.750742  -15.059763
   -3.023989    4.912614
   11.534744   15.527795
    9.174923    9.499362
   10.825327   -9.726530
   10.153107   -8.350651
   12.829481   -6.304901
   -1.183105   -7.316757
   10.683100  -10.871890
   -9.615385   -9.695080
   -2.046455  -16.672901
   12.131782    5.710754
   11.670679   10.223122
  -10.729810   -9.757820
   10.095988   10.788644
  -10.346141   -8.545614
    5.693776   -8.880567
  -17.130065    9.994381
  -10.706694  -11.608325
   10.651649    9.509975
  -18.154268   -5.553853
   11.559705  -10.603102
    9.247991  -10.454903
   -1.079753   11.707199
    8.361417   -9.912781
   11.836652   16.203382
   10.749351   -4.406696
   -8.283384    8.028611
  -17.683446   11.047815
   -0.402742  -17.837330
    5.594222   -9.158581
  -15.489705    4.876240
   10.134801   10.410177
   -9.571774    8.984200
    9.332199  -11.123615
   12.152116  -10.708571
  -10.688380   -8.205799
  -10.396412   10.069595
   16.372737   12.609775
   11.488244   19.076220
    0.889921    6.634661
  -11.656252   10.852137
   -9.869266  -11.510288
   10.946591   -9.801418
   -5.245068    9.215259
    8.992337   10.380422
    2.121838    2.595043
   -9.688772   12.311135
   -2.981554   18.792391
   10.933707  -11.256350
   18.547337   -8.736445
  -19.231760   -2.941021
   11.623056    8.910930
    9.944905   11.186498
   -9.418212   -3.667011
  -19.006407  -17.185607
  -13.785947   14.592522
   11.355167   10.580788
    8.818100   10.123014
   -8.618177    8.099319
   -9.396300  -10.380153
    0.245527    0.905588
   -9.516435    9.078735
  -10.345398   -3.201955
    9.143473   -9.444024
    1.784403   -9.439453
  -10.272514   -9.969481
   10.096739   -8.120143
  -10.281906   10.652917
    5.406472   14.379298
   17.769899   -7.117419
    6.355066   11.010984
  -15.217870    7.998058
    9.707008   -9.532155
   -9.364089   -9.916881
   -9.308313  -17.324296
    9.112723   13.248838
    5.965662  -17.704291
   13.017881   14.771675
    8.716324  -11.213838
  -10.158992   17.857662
    9.956379   -8.983119
    8.215758  -10.085783
    7.909621   -9.445743
  -19.300335   16.217621
    1.423865    8.029001
    9.273792    8.393310
   -9.837518   10.603278
   -6.829839   11.436152
   -9.883468   11.257890
  -10.679399   10.266489
  -10.405649   -9.761096
   -9.297564   10.104804
   16.396865   -5.538501
    9.541716    8.772066
    9.088129    8.592721
   -8.656933   -8.227575
   10.907073   11.058771
   -8.918446   -9.711100
   14.870424    6.351461
    7.852486    9.935063
   10.156897   10.554074
  -10.003947   -9.226699
    1.145569   -0.559207
   15.661712  -19.735908
   10.390821   -9.905018
  -10.525682  -10.771822
  -19.139921   15.487371
    3.749802    7.048857
   -9.282670   10.184885
  -11.444030    8.459497
  -10.354194   -9.098102
   10.634527  -11.774644
   -8.719684   -9.797338
   -4.281959   -0.662775
   -9.215318   11.035656
    9.991220   10.198636
  -10.472579   -8.276538
  -10.601771    8.709762
   10.094669  -10.807849
  -18.824488   10.594542
  -10.298753    7.280859
  -10.813554    9.732410
   10.295877   -9.492361
   12.779120   -4.536338
    8.372096  -11.132654
    9.698783  -10.748019
    9.598155  -10.311878
  -11.030381  -10.687103
   10.005815   -9.713149
    8.656837   10.685786
   -9.535199    9.149869
  -10.157332   -9.656109
   10.409469    8.984925
   -5.421220  -15.939404
   -9.822237   -9.788585
    9.046046   11.655488
    9.122804  -10.837469
   10.702069   -9.734595
   12.030970   -4.067791
    9.026944   10.372874
   13.067350   -0.953781
   -9.767261  -10.357977
   11.946922  -10.474523
   -9.712199   -8.906137
   10.228954    9.459826
   10.157751    9.684699
   -9.823469   -2.891662
   -8.963556  -10.745272
   -9.678659    8.936231
  -14.394124   13.101890
   10.904700    9.198216
    9.574332  -10.808686
   10.768919   -9.601825
   14.403289   -0.159631
   -9.748093   -6.189277
   -9.327456   10.002428
  -17.608174  -18.301387
    8.648667   17.056293
  -11.009860   10.009615
    2.216200   -4.139767
    9.844602   -7.705394
  -10.493499  -10.673357
   -0.042200   11.043472
   10.967311   -9.812808
  -10.010411  -10.466950
  -12.489780   -6.962737
  -10.467282  -10.547744
  -10.204254   10.109571
    7.685442   -1.016829
    9.777491   11.997327
    3.793076  -16.039433
    1.070227   -9.033920
   10.899429   -7.077235
    8.248572  -10.593253
   10.190567  -10.443864
   -8.927509    9.638692
   -9.981919   -7.711252
    8.911228    7.306649
   17.701051   19.603862
  -10.476009    8.646082
  -10.584162   -9.621046
  -15.559267   -1.773155
   -6.946732   10.753133
   18.311748    8.840421
    3.386854    9.324291
   11.493513    8.610119
   -2.154076    2.155917
  -14.920244   -5.011692
   12.754548  -15.895479
   -5.352768   -6.242530
  -10.203397    9.734447
  -11.062033   -9.654276
  -10.052261  -10.480160
   -6.452705   -0.140471
   10.451488    9.887661
    1.388137  -15.681105
   10.390036  -10.471965
    9.440309  -11.139030
    8.381086   -8.992494
   15.882103   -3.778545
  -10.125458    8.508970
   -3.831747   14.331919
   -9.449406    9.092298
   11.561831   -9.126191
   -9.535840   -9.743885
   -2.022463    5.956281
   -8.969529  -11.038154
  -12.151042    9.916681
  -10.925882  -11.195678
   -8.103106   -9.705367
   17.408929  -19.975253
    9.393406  -10.564545
   15.773486  -11.117995
  -11.586156    9.915050
   -5.348905    1.259633
   18.588210  -10.555065
   -9.663579   -9.430558
   10.295720    4.714050
   -8.590100  -10.277118
    0.465188  -19.015545
    9.163100    8.698977
    0.837583  -16.748933
    7.122255   16.832397
   -4.410664   -0.853192
   13.212077   13.432048
   12.684189    0.615489
   10.617655   11.271226
   -9.629630   10.296929
    1.769574   -9.810661
   -8.748312    9.678896
   -9.354909    9.585238
   -9.422006    9.623234
   13.685228    4.001323
    2.395485   -3.159772
   11.427482   10.301612
  -10.908838   -1.100526
   11.089393   10.999911
  -10.547560    9.709868
    9.476896   -4.141621
   19.129739  -19.272009
   -9.035193   13.545651
   -8.579057   10.953882
    9.578260    5.891190
    2.875318   19.806466
    7.409374    9.926349
  -10.384578   -7.435281
   17.199567   -5.010337
   -0.497449    6.449989
   -9.724943   -9.780153
   -3.273462    6.695998
  -10.162029   -9.356066
   -3.272601   -2.442034
    6.496708    3.006710
   -9.913086   17.413612
   11.002239   10.566740
   -9.542580   -9.721269
  -10.825723    9.226015
   15.155405   -7.074427
  -16.436971    3.820272
    0.927386    3.150626
  -10.800532    9.989540
   15.052941    4.361052
   10.276316    8.745664
   -9.706915  -10.213365
   -6.280458   -0.866484
   16.102194  -11.129844
   13.648239    9.574179
   18.949084    7.903951
   13.844928  -14.149208
   10.194507   -9.228128
    0.073355  -17.959408
    8.759568   -9.178417
    9.856395    9.006232
    9.429626   -8.659203
  -11.026113   10.476618
  -17.248162   14.999259
  -12.468295  -10.482326
  -12.146866   -9.537397
    9.165072    9.676517
    9.303017   11.435392
   -1.803591   -7.896585
   14.233462    6.803918
    9.615303  -10.598281
   10.943685   11.276951
    9.095146   -8.863088
   11.107738    9.210130
  -11.501109   -7.924864
   -9.392164   10.389794
   10.142243   -9.661588
   -4.257092    6.914159
   11.580753    8.523640
    9.070448    8.322665
    9.588322  -10.429359
   -9.638884   11.344222
   12.840433   19.835954
   -9.518357    9.601023
  -10.681150    9.049843
  -11.431485   10.205162
    6.994605    9.266818
   11.733508   10.429977
   -9.283930   10.397635
  -10.807821   -8.963001
    9.662624   -9.032020
    9.942180  -11.108886
    0.156145  -10.396484
   -9.020168  -10.055538
    9.857555   -9.286331
    9.878643  -11.058941
   19.479298   -4.132780
  -18.627497   -7.235105
    8.210040    8.265004
    9.387841   10.926927
   -5.510052   18.716389
   -9.863721  -10.129766
   10.167390    9.427788
   -9.887026   -8.494448
   11.617507   -9.219007
   -9.232844   -8.462892
  -10.633694    4.744692
  -11.083914   11.134519
   -7.891939  -11.297113
   12.125297    9.387757
   10.245535    9.666475
    8.927061    9.844352
  -11.343767    9.046915
   10.715440   -8.451606
   10.679245    9.806069
    9.156616   10.335687
  -11.723280  -10.911495
   10.111652    8.276196
  -10.481903   10.281141
  -11.171620   10.079647
    9.308826   -8.742064
   15.905163   -8.637442
  -10.624710  -11.145345
   19.918304  -17.794782
    9.388363   11.390456
  -10.385289  -10.135265
  -10.592471   10.577988
   -5.622848  -12.359270
  -14.093082    1.832363
    8.706761  -11.224712
    9.152018  -10.924621
  -11.435348    0.701503
   10.277664  -10.396245
   10.870460  -10.623210
   -4.114734   13.934556
   -0.461332  -10.819960
    2.089184  -15.643841
   -3.344397    1.415814
    9.625475  -17.822642
  -10.709250  -10.441508
   -9.543590    8.951088
   -9.574949   11.157254
  -18.300752  -14.549149
   -9.685857    9.711266
   16.780922    9.282134
   -9.252199   -4.830856
   13.203570   -2.672135
    9.174252   10.160895
    8.561788   17.722965
  -12.208981    9.826893
   -9.202426   -9.044498
    8.902249   -8.893333
  -14.834624  -14.285218
   11.736558   11.487991
  -10.970153  -10.170483
   10.863335   -7.865046
    7.758439   15.621612
   -9.750630   -8.536645
    9.031658  -11.659066
    7.914075   11.755085
  -10.034227    9.516150
    2.443380    2.014876
    1.538635  -13.670402
   12.107355   11.731900
  -10.831312   11.139125
    8.276020   -9.820227
  -17.223091   14.794028
    8.548042   -9.786845
   10.843360   -8.849044
    8.375319  -15.230097
   -9.820614   10.429481
   -1.059264  -10.758143
   -8.948529  -15.211997
  -12.618490   -4.186695
  -10.440232    6.291360
   10.104078   10.213626
  -10.349968   -9.621434
   13.115809   -8.055061
  -10.614744   10.370682
    1.711190  -12.971065
   -9.009770   11.237496
  -10.206263  -17.204653
   -3.670905   14.726901
  -10.055676   -9.740534
  -10.653704   10.016421
   -0.449561    3.754749
   -9.385306   -9.779050
    8.960682  -10.024222
   10.444866   -9.361104
  -19.931211    0.358233
  -10.582438  -12.961907
    0.372471  -13.398802
    3.944541  -16.354856
  -10.089555   10.145618
   -5.114001   16.410876
  -14.498589   15.756843
    3.303647    0.729644
  -17.481631   -7.061375
   13.580666   11.630503
    8.906073  -11.716413
   11.511558   11.619115
  -18.630141   19.121891
   10.052830   10.050435
    9.699779  -12.678203
   18.345500    2.892576
   17.170284    3.097652
    8.902613   -9.465363
   -9.711563  -10.332439
   17.413480   14.380014
  -10.558473   -9.506510
   -8.042364    1.265463
  -10.649125    8.656636
   10.379304    8.406771
   15.444938   14.767331
   10.796135    9.517857
    3.409017  -12.228638
  -11.745781   13.562725
   -8.333663    7.426623
   11.688520   -9.770329
  -13.905578    1.100860
    9.180975  -13.455089
   12.491929    3.937542
   14.715747  -11.867092
  -19.175005   18.597862
    9.934340    8.492975
    8.029090    9.833823
   -9.794297   -9.341027
    9.025763   -9.682011
   10.357649  -12.395475
   -9.465624    9.234960
    3.740708   16.588371
   10.771176  -11.502266
    3.156322    1.021994
  -11.175570  -11.320836
   18.844796   11.582608
    0.647225   12.666154
   -8.775749   -9.945790
  -10.705450   -3.721936
   10.345327  -10.592835
   -9.210607   11.112336
  -10.001961  -10.201741
   -8.346536    9.816809
  -10.791702   11.018464
   -9.227356    8.759866
    8.700592    8.983205
  -10.565130   11.158201
   -9.222760  -11.612955
   11.459737    9.856598
  -12.212974   -9.489565
   -8.359875  -12.226744
    8.163159   17.708071
   -4.792095   12.268026
   10.939687   12.373996
   16.153668   -5.699090
   15.904822   17.659932
   10.774888  -12.826009
   15.306845   18.582920
  -11.215290   16.852557
    2.651573  -16.663258
  -19.637439  -11.067284
   11.163755    9.744217
    9.142822  -11.149372
  -11.895531  -15.879920
   -9.034073   -9.929929
   19.956206   -0.534968
   19.887658  -18.166743
  -10.428218  -10.088891
    7.736552   13.698909
   -5.611013  -12.640457
  -10.012871  -11.048257
   -9.035393    9.230609
   -9.494266   10.395573
   -6.262636   17.590744
   -9.272537   11.035151
   10.968185  -11.227738
   11.446144  -10.399290
  -10.461586   -9.683337
   -9.530375    8.915526
   -3.705936   -8.823336
    9.129243  -11.537495
   -9.473849   11.900374
    4.722468  -10.981632
  -11.390402  -15.181225
  -10.019302   -9.637485
   10.878297   -9.521439
  -19.945194   13.892709
  -10.187558  -10.019847
  -10.408544    9.846589
   -9.352092  -11.296764
    6.948521  -15.924938
   -6.303364   17.794334
   -1.992356  -13.072198
   -0.495837   16.210571
  -16.608574   -2.321266
    9.834273    9.937075
    9.863998   -8.298150
  -10.996516   -9.855319
   10.444333    9.557695
   10.216606   10.097885
  -10.762172   11.675507
   -9.071544  -16.664673
    6.813653  -10.915489
   10.700970   -9.665425
   17.712494   17.869717
    9.078043   -9.490744
    9.179811   10.259859
   13.147207  -10.419780
    9.031191   10.227424
    4.112871   13.503597
    9.076900   -7.556599
    4.360109  -17.182993
   -8.778230   10.932684
   10.627698   -9.196621
   -9.897054   -9.312664
   -0.028428   -7.388650
   -9.211073    9.523226
   -9.865085   -9.739861
   -7.384660  -10.308371
   14.931922    5.947900
   -8.759137   -9.141148
   10.222827  -11.099223
   -9.561970   -8.983495
    9.870989    9.701938
   -9.659424   10.733396
   10.904623   10.567916
    8.783512   10.300417
   -9.454158  -10.826794
    0.897525   16.520929
   -9.057205   -8.174361
   11.678484    8.627571
  -10.985724   10.620809
  -10.530343  -10.057294
   -5.340126   14.002844
   14.827111   -8.445166
  -16.500533   -3.236883
    9.109213    9.920512
   13.534607   -0.142277
    3.199336    3.935858
  -12.359797  -10.422401
   12.239534  -10.374675
    9.063316    8.745237
    7.984040  -10.833655
   -9.748195   10.419715
    8.825091   11.277959
  -14.579795    9.326744
   17.420305  -10.788448
   -9.695171    5.657554
    3.782653    2.715582
  -10.946522   -9.705687
