   -9.876050   -8.359889  -10.025264  -11.490656   -9.011320   -9.510294   -8.283618   -9.154540  -10.362670   -9.836175
  -10.048411   10.183405   -8.684232    9.868482   -9.713905    8.341889  -11.517362    9.255284  -10.459162   10.838791
  -10.886368   10.772547  -10.243853    9.230858   -9.154167    9.697368   -9.985002   11.275613   -9.382111    9.121795
   10.945701  -10.219419   10.056454   -9.505026   10.560800  -10.574843   10.788219  -10.090073   12.076518   -9.916363
   -8.321872   10.188039  -10.130463    9.902989  -11.380979    9.681116  -10.152734    9.972599  -10.122095   10.297175
   -9.426309   -9.132913  -10.808844   -9.745289   -8.481194   -9.508484  -10.417292   -9.009868   -8.721578   -8.564358
   -8.474612   -9.572259  -11.962647  -10.408769  -12.291011  -10.304052  -10.852581  -11.512273  -10.379320  -10.272936
    9.784201   -9.538660   10.685909   -9.186966   10.915913  -11.273911    8.315472   -9.434528   11.419705   -9.724290
   10.072269    8.927030    9.263200    9.103492    7.460634   11.788141    9.170316   10.244141    7.982819   10.917739
   11.744335   -9.911702   10.186201  -10.303595    9.819030  -10.341744   11.704350   -9.055861    8.972034  -10.456908
   -9.944149  -10.873850   -9.447945  -11.118838   -8.380968  -11.224571   -9.809698  -10.572259   -9.124212   -9.583040
   11.341144    8.980933   10.375978    9.061506    9.733786   11.184391    8.568912   11.356789   10.934717   10.377197
   -9.606919   10.089270   -9.811557    9.392103   -9.244659    9.391731  -11.636719   10.770790   -9.752220    9.077213
   -8.966755  -10.473296  -10.442706   -8.672571  -10.068073   -9.673509  -10.196358  -10.791091   -8.178140  -11.226285
  -10.098568  -11.259911  -10.449559   -9.507120   -9.519512   -9.019445  -10.300970   -9.554479   -9.640814   -8.650340
  -10.407885    8.797727  -10.919068    8.303819   -9.853312   10.639736  -10.741767    9.341021   -9.257251   10.651017
    9.298399   -8.900132   11.469609  -12.425342   10.164042  -11.016541   10.753594  -10.365467    9.785899  -11.092843
   -9.586686   10.342416  -12.095447   10.345566   -9.674943   12.466260  -10.265335   11.391364   -9.186922    9.794861
   -8.812343    9.866268   -9.336404   10.200303   -8.573992    8.611145   -9.536113   10.111353  -11.507346   11.186929
    9.366009    8.944422    9.686522    9.786091   11.273676    9.940943    8.781934    9.836920    9.479686   10.240655
  -10.492519   11.004481  -10.780529    9.274872  -10.679647    9.850017   -8.973484    9.387085   -8.775534   10.955871
   10.002387    9.214443    8.420203    8.979424    8.983837    9.642530    9.338868   10.897446    9.162764   10.665649
  -12.146509    9.648577   -9.630511    8.608584   -9.950218    8.738205  -10.582788   10.005268   -9.792620   10.713414
    9.500442   10.518858   11.680827    9.658583    9.480553    9.442305   11.804534    8.681773    8.531437    9.871687
    9.055146   -9.662832   11.506699   -9.954179   11.427486  -10.373520   10.621942   -8.449182   10.706330   -8.434274
   11.532848   10.255890    9.130812   10.072447   10.511550   10.441252    8.276047   10.553179    9.220671    9.704745
   -9.978016    9.246350  -10.053535   11.371515  -10.903403    8.525450  -11.275820   10.542155   -8.847835    9.760163
   11.033212  -10.427615   11.104882  -11.348469    8.973097  -10.691139   10.481802   -9.377574   10.233775   -8.768979
    7.164292    8.905284    9.730382    9.550830    9.456282   11.070790   10.409013    9.983946   10.700438    9.389063
  -10.841022   12.279193   -9.956019   10.947382  -10.743944   11.017018   -8.442629    8.467695   -9.478954    9.184001
    8.627526   -8.871628   10.049331   -9.263603   10.277209  -10.543859   11.062461  -11.063871   10.255896   -8.478440
   -9.355014   10.474350   -8.802510    9.845919   -9.303607    9.204143   -8.765438   10.386599  -10.303414    9.989907
  -11.925021   10.171378  -11.207996    9.810826   -9.514489   10.201294  -10.000218   11.686218  -10.405269    8.094191
   10.908655    7.543411    7.546167   10.576231    8.852134    9.533171    9.921411    8.004313    9.852349    9.965618
    9.471834   10.116519   11.404831   11.506546    9.849763    9.081815   10.803282    9.153086    7.996038   10.927052
   -9.464982    8.418569  -10.316976    9.427633  -10.486099    8.678194   -8.408616   10.405900   -7.687312   10.812439
  -10.350576  -10.778927  -10.433220  -10.163060  -11.267955   -9.818339   -8.206089   -8.987881   -9.433830   -8.910816
    9.183381    7.901117    9.802548    9.746015    9.524526    8.054380    9.277144    9.004772    8.540254   11.331177
    9.601621    7.629492   10.817291   11.523499    9.430389    9.684623   10.814816   10.806222   10.477145   10.533856
   -9.384253   -9.138423  -10.428073   -9.455026   -9.540513   -8.537888   -8.766513  -10.697003  -10.304520   -8.325157
   11.608012   11.144302    8.705895   11.239737    9.875348    8.866636   10.471929    8.541096   10.134232    8.204534
  -11.591006   10.539282   -9.823324    9.664316   -9.657375   10.683845   -9.050890    9.662818  -10.312127   10.083687
   -9.364714   -9.807981   -9.753631   -8.830656   -9.194604  -10.478208   -9.995748  -10.935610   -9.314265  -10.998890
   11.047704  -10.436735    9.053481   -9.403411   10.643308  -10.215025    9.953164  -10.413818    8.955433   -9.392459
   10.901557  -11.248394   10.591420  -10.426875    8.182022   -9.084065   12.334941   -8.721611   10.009359  -10.702437
  -11.828772   -9.829198   -9.125593  -10.358923  -10.417473   -9.964736   -9.023693  -10.498748   -8.307373   -8.907438
  -10.531371    8.719676   -9.866104    7.361319   -8.656656   10.515606   -9.421588    7.986953  -11.142263   11.844720
   -9.081738   11.432983  -10.151204    9.725145   -8.948300    9.648143  -11.080046    8.613147   -9.551620   11.180473
    9.497787    8.673809   10.323977   10.389813   11.401254    9.209330   11.152898    9.609906    9.334227   10.214431
   10.556112   -9.918350   11.150706  -10.255869   10.061051  -10.380715   10.944702   -8.808806   10.475355  -11.111069
  -10.337652   -7.641089  -10.614114   -9.294112   -9.259291  -10.668409   -8.706687   -9.664180  -10.276357  -10.271120
   12.474741  -10.133978   10.460981  -12.104804   10.279061   -9.835800    9.992231  -10.212005   10.154321   -8.794256
   -9.320258    9.966202   -9.489792    9.986647   -9.866722   10.790330   -9.543294   10.089714  -10.222815   10.354726
   11.869616   -7.568385   10.095891  -10.936413    9.050410  -12.030477    9.094445   -9.443911   10.660613   -9.484144
   -8.937724  -10.668239   -9.146533   -7.369757   -9.633404   -8.973776  -10.654621  -11.824816   -8.966171  -11.152347
    9.477913   -8.740063   11.753034  -12.446863   10.443649  -10.881079   10.387756   -9.849597   10.265186   -9.647086
   10.730933  -11.505420    8.768984  -10.525500    9.647894   -8.867242    9.873515   -8.567747   10.105969   -9.727010
  -10.989266  -11.027844   -8.743631   -9.698341   -7.038294   -9.239013  -10.098565  -10.199857   -8.751520   -9.700777
  -10.060406   10.030571   -9.892305   12.032105   -9.905025    9.408109  -11.138745   10.740436  -10.046778   10.660065
   -8.482259  -10.219483   -9.829845   -8.687343  -11.277949   -8.148766  -11.008170  -11.823668   -9.123246  -10.092441
  -11.383399    8.612094  -11.871139   10.146291  -10.739790    8.776613   -9.570019    8.614414   -9.641402   10.239345
  -10.620704  -11.306719  -10.682363   -9.481505  -10.707464  -11.447821  -10.012989   -9.830471  -10.189684  -11.414142
  -11.366789   10.915393   -9.973776   11.502238   -9.072253    8.145502   -9.136875    8.661506   -8.838555   11.575582
   -8.804005  -10.421967  -10.891962   -8.902053   -9.579755  -10.686226  -10.544542  -11.806764   -9.879537  -10.108061
   11.036213   10.564673    9.866096   10.029289    9.978807   10.237017    9.438965    9.722703   10.801875   11.196048
    9.111520  -11.429811   10.719183  -10.335009    9.687902  -10.643943   10.163507   -9.626957   11.512714   -9.408733
    9.732475   -8.665138   10.392317   -9.605471   11.104606  -10.174564   10.169436   -9.257221    9.865578   -8.565737
   10.813649    8.875476    9.551842   10.913702    9.661678   10.208106   11.224642   11.112856    9.857349    9.873664
  -10.687077    9.481644   -9.036025   10.753633   -9.506867   10.287413  -10.922855   10.750309  -10.739606   10.533927
  -11.127595    9.430524  -10.267045    9.245834  -10.998381   11.562653  -10.120475    9.108358   -8.645098   11.223696
   11.636924   -9.885225   10.247787  -10.819068    9.940569  -10.263733    9.439973   -7.969881    9.421956   -8.653865
    9.846533    8.382384   10.266978    8.426713   10.038509   10.029560   10.582028   10.854671    9.914463   10.524995
   -9.417052   -8.792867   -9.983475  -10.720122   -8.750832  -10.265351  -11.084483  -11.264453  -10.852514   -9.658027
  -10.678720  -10.416041  -11.489636   -9.147160   -9.435032   -9.684202  -10.136885  -10.134306   -8.349618  -12.368537
  -10.578495   10.729822   -9.508721   10.100147  -10.456163    9.874131   -8.983003    9.707536  -10.180527    9.793322
  -11.061491   -9.673788   -9.374838  -11.180808   -8.933000  -10.719382   -8.782334  -10.797149  -11.116271  -10.033476
   10.566878    9.550778    9.206686   10.735434    9.588504    8.796631    8.624521    9.267712   12.168660   10.218091
   11.723120    9.046261   12.462605    9.492516    8.198555   11.184336   11.490184   10.079893   10.200997    9.931495
   10.029889    7.833179   10.075198    8.654509    9.494795    9.772551   10.130647   10.655191    8.811208   10.036235
    9.933305    9.141737    9.352412    9.350137    9.414763   10.414006    8.802767    9.529562   12.412979   10.236577
  -10.106152  -11.887784   -9.768248   -9.603080  -11.547198  -10.704035  -11.086766  -11.333992   -9.956634   -8.114346
   10.717724   -9.085555   10.466322  -11.118202   10.961160  -10.024852    9.025453   -9.725855    9.813178   -9.573304
   10.571558   -8.691525    9.828272   -9.664650    9.965710  -10.557236   10.070781   -8.482128   10.406712  -11.066443
   -9.145835    9.770593   -9.818835   11.253072  -10.813893   10.278382  -11.496904   10.872237  -10.454049    8.213067
    9.873085   -8.706213   11.153942  -10.273729   11.764812  -10.599480    9.831795  -12.254281   10.483121  -10.080213
   -9.318118    9.624214   -8.367415   11.038722  -11.177261   10.136358  -12.136835   10.442592   -8.342763   10.544864
  -10.659130   -9.828075  -10.130936  -10.699162  -11.100882  -11.147437  -10.292823  -10.466004  -10.393909   -8.434469
   10.927178   -9.400551    9.128957  -10.932692    8.839407  -10.488262   10.100717   -8.880647   10.561503  -11.003196
  -11.367013   -8.045393  -10.287797   -9.733540   -9.337217   -9.841121   -5.247794  -11.572360  -11.838427  -10.175825
   10.620436   -9.704202   11.055977  -10.413446   11.821923  -10.762214    9.178883   -9.999565   10.944531   -9.736353
    9.047602    9.723153    9.149289   11.584310    9.983191   11.133519    9.451930   10.299023   10.238015   10.692207
   -9.299811   -8.954757   -9.805798  -10.730199   -9.168173   -8.494941   -9.857273   -8.815941  -11.010152   -9.729212
  -11.831385  -11.108046  -10.278542   -9.799706  -10.372376  -11.108223   -9.249882   -9.996679  -10.064271  -10.465711
   10.675025    9.228197   10.080356    8.890291    9.698171   10.640126   12.270891    9.094098    9.185067    9.212080
   10.027302  -10.560638   10.813408  -11.431735    9.114055   -9.376348   10.317115  -10.012342   10.958717   -9.844602
  -11.428788   -9.188572  -10.237394   -9.348174   -9.137399  -10.052845   -9.420606   -9.505330  -10.415006   -9.704955
    8.190072   -9.047925    9.326610   -8.687670    9.919059  -11.119571    9.736516  -11.842497   10.279938  -11.129282
   -9.392487   10.465080   -9.358765   10.870796  -10.189046   10.432069   -8.986384   11.138436   -9.600817    9.327271
  -10.241833  -11.819643   -9.939380   -8.959146   -8.891636  -10.690959   -9.429051  -11.621424   -9.255410  -10.248285
   10.089790  -10.583967   10.386633   -9.812295   10.132300  -11.098065   10.906931  -11.561081   10.973941  -10.438330
   10.295979  -10.648320    9.554558   -8.989092   10.730924  -10.933786   10.381949   -9.069993    9.342790   -9.238088
  -11.640438  -11.462422  -10.942535   -9.384293   -9.952956   -9.578532  -10.059963   -9.261062   -9.923454  -11.643366
  -11.020120  -11.204095   -9.976532   -9.873486   -9.667092   -9.808967  -10.340261  -10.057814   -9.270899   -9.727628
  -10.686237    9.757622  -10.213548    8.680878   -9.475463    8.663934   -8.407866   10.253085  -10.474626   10.273356
    9.456210  -11.546758   10.508771  -10.282399    9.896753   -9.402789    9.452706  -10.188086    9.503752  -10.385512
  -12.341023  -10.563973  -10.968970  -10.386915  -10.410208  -10.850593  -10.254169   -9.152255   -9.940541   -9.142542
  -10.486266  -11.996359  -10.338157   -9.420756   -9.037177   -9.303928   -9.543672  -11.075985   -9.855060   -8.884696
   -9.994853   10.496478   -8.429816   10.674874   -9.564377    9.627293   -8.854685   10.411405   -9.565325    8.739804
   -9.528292    9.302126   -9.695741    9.877921  -10.685799   11.079946  -10.320244   11.284207  -10.130722   10.526731
   11.531042  -11.006837   11.636884   -8.639066    9.303801   -9.800478   10.951885   -9.213571    9.019540   -9.044069
   -8.501916  -10.480241   -9.440608  -10.340646   -9.093628   -8.028703   -8.716450   -9.561975   -9.222061   -9.269000
    9.126437   11.420445    8.582144   11.689283   10.861589   10.663567   10.702541    9.133512    8.912632   11.234918
  -10.818268    8.734373  -11.207938   11.375309   -9.871330    9.552993   -9.067598   13.285302   -9.131642    9.523980
    9.815322   -9.759047    9.964217  -10.543569    8.957374   -9.025233    9.350519   -7.482790    9.903152   -8.673742
   -9.840190  -10.790535   -9.536233   -9.494724   -8.820364  -10.376531  -10.544687  -10.105730  -10.316048   -9.596134
   -8.196922  -10.203371   -8.989970  -11.375838  -11.030827   -9.392364  -11.455267   -9.561158  -10.589202   -8.364761
    8.105250    9.930557    8.934975   10.185703   10.957493    9.079461   10.553463   10.423112   10.694342    9.742381
  -12.377592    7.095974  -10.682658    9.833247  -12.377678    9.161967   -9.490481   10.120237  -10.835417   10.515590
    8.825015  -10.286667   10.473664  -10.382448    9.209370   -9.673384    8.651802   -9.576727    9.128250   -9.674499
  -10.909911   -9.382681   -9.440497  -10.337574  -10.115045   -9.062289   -9.981668   -9.658621   -9.005121  -10.408252
    9.016708    9.844534    8.778132    9.331797   11.119102   10.076115    9.076347   11.480158    9.686797    8.860018
    9.241325   -9.566802   11.206768  -10.424429   10.154951  -11.859408   10.945083   -8.909507   11.539190  -10.471242
  -12.768409   -9.812602  -10.564599  -10.897316   -9.021162   -9.922294   -9.945004   -9.798958  -10.538518   -9.711078
   11.590483   10.634112    8.370856   11.607570    9.539615    9.214019   10.637054    9.787146   12.191361    9.695383
   -8.205884   -9.608088   -9.448674   -9.917410   -8.673299  -11.138394   -9.682118  -10.649240  -10.290900   -8.695895
    9.222488    8.926977    9.515086    9.996639   10.404755    8.442959    9.514413   10.041552    8.450497    9.899142
   -8.807864   11.220167   -9.699076   10.230730   -9.059955    9.637166   -9.716968    9.186668  -12.063051   10.171653
    9.376625   10.039822   10.616213   10.870902    9.096522   10.453880    9.983855    9.465683    7.983423    9.888206
   12.074506    9.355635   12.054081   10.720895   11.061527   11.124514    7.352143    9.717857   10.536031   11.200495
  -11.129727   10.867903  -10.547030    8.877117   -8.840277    9.301599  -10.935377   11.249833   -9.525127   12.337935
    8.984250  -10.583322   10.680198  -10.282753   10.409573  -11.503281    9.069585   -9.004695    9.554467  -10.014067
  -10.494890    8.898825  -11.315747    8.484007  -11.246490    8.869981   -9.069573   11.108236  -10.040662   11.026390
    9.498720   10.377126   10.455163   10.986935    9.336869   11.119684   11.995757   10.343222    7.714487   10.895107
    9.836444   -9.548066   10.546405  -11.306525    9.990359   -8.778419    8.754540   -9.212694   10.296183   -9.353972
    9.132646    9.546290   10.688851    9.792435    8.495650   10.156685   11.804851   10.723648    9.541684    9.359788
  -10.420352   -8.655114   -9.997770  -11.420398  -11.525177  -10.140301   -9.549590  -11.242699  -10.168938  -10.296999
   10.326331    9.507726   12.833901   10.574607    8.599773    9.421187   10.005963    9.977340   10.228711    8.376242
  -10.541150    7.609230   -9.235357   10.676036  -10.721439    9.392039  -10.048928   10.639019   -9.009056    8.454329
    8.569202    9.950636   11.994974   11.229530    9.867431    8.795483    8.973168    9.704093   10.622721    8.701900
   -9.559748   11.307163  -10.216905    7.117731   -9.120105   12.238388  -12.077658   11.420456   -9.187079   10.090697
   -9.476498    9.001375   -7.606097    8.586676   -9.977892    7.997635  -11.443453   10.340075  -10.336566    9.442039
   10.318873  -11.881128    9.453036  -10.373179    9.188453   -9.350114    9.519332   -9.045349   11.222006  -10.243348
   11.296476   11.289320   10.594395    9.127785   10.062309   10.302600    9.184635   11.879925    8.772453   10.710499
    9.399477  -10.023094    9.993278   -8.786510    9.253900  -11.040992    9.532591   -8.860500    9.457543  -10.457777
   -9.455565   -9.542218  -10.221452   -9.856361   -9.664812   -9.975135  -10.211999  -10.352713   -9.867565  -10.892077
  -10.751042    9.815031   -9.766862    9.408789  -10.876727    9.628236   -9.933977   10.765003  -11.286903    9.363966
    9.932997   -9.790586    8.408190   -9.756601   10.613680  -11.325311   10.004352  -10.415547    9.351182   -8.486609
    8.908490   -9.066066    8.051274  -12.613118   10.044692  -10.424876    9.700476   -8.736081   11.173240   -9.873963
   12.156560    9.234028   10.077660    9.391109   10.271632   11.436579    9.682280   10.435476   10.691803    7.136566
   10.823550  -10.042884    8.688397  -10.140044    8.940400   -9.520343    9.943564   -9.281035    9.898778   -8.915880
   -9.613366    8.999133   -9.607167    9.301553   -9.978083   10.291186   -9.363359    9.944792  -12.396276   10.799369
    9.649683   -9.475337   11.447877  -10.529160    8.859681   -9.118549    9.735709   -9.346807   10.067076   -9.226619
  -10.651681   10.551302  -10.921085   10.376951   -8.642724   11.291360  -11.360239   10.321055  -11.865171    9.207739
    9.185529  -10.417059    9.861580  -10.013051    9.217310  -10.380304   10.661996   -9.627852   11.017984   -8.237844
   11.302013   -9.002285   10.015484  -11.205535   10.153396  -11.103240   11.341180  -10.037694    8.872442  -10.378694
  -11.779902   -8.847774  -10.616913   -7.484448   -9.308101   -8.973688   -8.391793  -11.738173   -9.585728  -10.082963
   10.397699    9.580584    9.301490   11.164825   10.197950    7.270425   11.475790   10.710437    8.947982    9.619081
   -9.180756    9.395991   -9.844212    9.469864   -9.279267    9.703226  -11.015019    8.691306   -9.326285   10.088171
    9.971256   10.430642   10.380668   11.562844    9.010897    9.090055    8.984212   10.427018   10.762610   10.929435
   10.381175   11.185251   11.361539   11.450672    9.461132    8.579713    9.192760   10.289086   10.493723    9.533800
    9.940893   -9.547679   11.491568  -11.000316    9.954478  -10.502816   11.119975  -10.234760   10.124414  -10.218291
   -9.477482   10.785255   -9.677809   10.996419   -8.820550   10.287041  -10.246239    8.509953   -8.973605   11.434890
   10.672654  -10.810489   10.906350   -9.690325   10.315991   -9.440307   11.129008   -9.632250   10.175193   -8.532983
   -8.424752   -9.681852  -11.149320  -11.813490   -9.882517   -9.381317   -9.818053  -11.473695   -9.202430   -9.684180
    9.681591  -10.310002   10.743723  -10.569162    9.990184   -8.859253   10.110257  -10.787917    8.841016   -9.994693
    9.401643   10.221083   10.951308   10.065264   11.433085    9.604812    9.863249    8.407233    9.642427    8.097125
    9.438303    7.729958    7.954639    8.866482   10.607465    8.820453   11.018443   10.849929   10.060586    9.306055
    9.826043  -10.336266    9.755156   -8.934467    9.068612  -10.322604   10.869359  -10.390818    9.234395  -11.128026
  -10.260968    9.267660  -10.776217   10.660630  -10.208017   10.750322  -10.710974    9.863167   -8.946851    9.736318
   -9.605987   10.447490  -11.323264    9.661147  -10.355758    9.364758  -10.268186   10.414345   -9.817956   11.592408
   11.626142   11.346725    9.592110    9.776796   10.447310   10.386439   11.093278   11.233288    9.235865    8.506436
   -9.883131   11.045692  -10.883589    9.582572  -11.183540   11.182005  -11.234694    9.702119  -10.969719    8.195241
   10.770329   10.112605   10.566595   10.956132   10.858998    8.997565    9.327605    8.527922   10.539178   10.349975
   11.657872   -9.035648   10.012757  -10.285609   10.337144  -10.238742    9.963957  -10.386194   10.338950   -9.079972
   10.479337   -9.574367    9.608243  -10.688151   10.285204  -10.353911   10.984935  -11.116016   10.712216   -9.046163
  -11.007177  -10.480453   -8.309359  -10.408069   -8.857469   -9.199475   -9.081737  -10.196755  -10.091766   -9.759343
  -11.337229    9.619977   -9.622384   10.275524  -10.875061    9.889042  -11.024469    9.689486   -9.903007    8.533247
  -10.312842    9.744243  -10.405751   10.194199   -9.833938   10.699040   -8.813693    9.157624  -11.603009    9.269790
  -10.779260  -10.450329  -10.673158   -9.655557  -10.716600  -11.528604  -10.443954   -9.297315   -9.045796   -8.756775
    9.934480   -9.536384   10.242755   -8.915012    9.983801   -8.868551    9.630019  -11.093388    8.553376  -10.209170
   10.572674   10.776707   10.039910    9.810350   10.827681    8.420138   11.673891   10.540056    9.645615    9.643001
   -9.852738   10.666723  -11.086328    8.043856  -10.372391   10.008689  -11.392818   10.972138   -8.241044    9.323297
   -8.704665    8.539547  -10.462178    9.936935   -9.171441   10.192175  -10.365519    9.568777   -9.688792    8.635644
    9.442072  -11.316179    9.592890   -9.457132    9.748197  -11.146528    9.207175  -10.759497    9.354636   -9.620843
    9.683738   11.156216    9.593951   10.153174    9.304866   11.045159    9.925941   10.358936    9.554440    9.781822
   10.117055   11.161849   11.790991    9.353279    9.958508   10.368262   11.504556    9.143908   10.179290    9.979377
    9.989179  -11.673486   11.342069   -8.856797    9.064186  -10.573511   10.232773  -10.846088    9.212656  -10.301756
   -8.718892  -10.608300   -9.737856   -8.897986   -8.803181  -10.700270   -9.643154  -10.695096   -8.624722  -10.940954
   10.159971    8.127664   10.605234   12.019416    9.868195   11.856891   11.338878    9.706200    9.276066    8.566736
  -10.391114    9.716878   -9.765291   10.356083   -9.224614   11.104065  -11.403319   10.001725   -9.194130    9.393953
   10.053045   -9.377013   10.254591  -10.120355    8.239273  -10.856394    9.335265  -10.495102    8.723104  -10.986786
    9.057560   10.177952    9.539529    9.303765    9.171009   10.653339   10.131235   10.220165   10.185588    9.651195
   10.799370  -12.052222    8.712215   -9.793365    9.241101  -11.400435    9.115863   -9.119327   10.326628  -10.138910
  -10.424698  -11.126450  -10.895466  -10.044092  -11.107583   -9.442963  -10.602652  -11.185364   -9.017461  -10.064608
  -11.802349   -9.875305  -10.062869   -9.754184   -9.288341   -9.764719  -10.813470   -9.439254   -9.469291  -10.322853
   -9.692143   10.427872   -8.890806    9.182150   -9.759851    8.434476   -9.738189   11.779342  -10.109521   10.951564
   -8.857032  -10.391061  -10.846987   -9.760608   -8.597362   -9.544731   -9.060138   -9.964997  -10.105794  -10.293055
    8.638399    9.178280   10.509429    9.935247    9.802931    9.944251    7.548126    9.420591   10.488126   11.738117
   -9.202848   11.094739  -10.003040    9.321614  -10.340481   10.271799   -8.479592   10.120102   -8.534901    8.609380
   -8.580322   10.015375  -10.133270    7.785935   -8.709748    8.658084  -10.511202    9.669423   -9.824312   10.845595
  -11.116953    9.756580   -9.673616    9.446205  -10.601911   10.925568  -10.101863    9.673693   -9.342911    9.912116
   11.292022  -11.478197    9.551574  -11.820255   10.614629  -10.256803   11.185553   -9.695142    8.178012   -9.234826
    8.810541   11.329970    7.747178    9.914292   12.919650    9.029612    8.347828    9.034572   10.550480    9.871996
    9.555951   -8.399794    9.355802   -9.451765    9.166760  -10.098425   10.465776  -10.187194   11.387960   -8.852675
   -8.670908    8.974569  -11.052904    9.405977  -10.473764   11.547900   -9.181803   10.266329   -9.634494   10.356770
    9.695893    9.358898    7.370790   10.734823    9.850629   10.292396   10.494882   11.152489   11.359911    9.509001
   -9.709273   11.680679   -8.360782    8.373151  -10.414509    9.900529  -10.471800    8.888591  -10.477261    9.576498
   10.459009   -8.651502    8.249048   -9.622795   10.824490   -9.453049    9.908244   -8.802892    8.860168  -10.113846
   10.827405  -11.459788   11.175138   -7.988102   11.173008  -10.213596    9.899744  -11.572004    9.176321   -8.982301
   -9.944306    9.668495   -9.052974   11.430873  -10.516960   11.097131   -9.014113    9.287509  -11.372003   10.378746
   10.006030  -10.324998    9.566060  -10.087247    9.510817   -9.056031    8.643786   -9.218091   10.871339   -8.443546
   10.315767    9.326992   12.090306    9.707109   10.331474    8.850851   11.126415    9.312368    9.179112   10.608884
   10.083313  -10.984386   10.697982  -10.029346    9.495633  -10.021733    8.655856  -10.065376    9.534110  -10.192502
   -8.352179    9.675626   -9.718036   11.382322  -10.055019    9.442306   -8.944406    9.300611   -9.794422    8.094383
   -7.904233   10.120198  -10.491760   10.196677  -10.129698   11.366859  -10.498923   10.309742   -8.077558    9.305045
  -10.482434  -10.622522   -8.809415   -9.741678   -9.685600   -9.934733  -10.423616   -9.800028  -11.847512   -9.571006
   11.054932  -10.169321    9.926455  -10.813200    7.999987  -10.655521    9.317180  -10.498753    9.373685  -11.924642
  -10.777337    9.165169   -9.577872    8.571914  -11.354561   10.631982   -9.391535    9.862811   -9.655187   10.820679
    9.860956   -9.163563    9.645954   -8.580595    9.998785  -10.917523    9.219118  -10.159340   10.995376  -11.452955
    7.933942   -8.911589   10.775897  -10.156620   10.668105   -9.962690    8.713900   -9.646350   10.121862   -9.823719
    7.977166    8.796911   11.902735   10.592161    9.730809   10.984627   10.786056    9.624986   11.153368   10.403286
   -8.435134  -10.790657   -9.496552   -8.580036   -9.205005  -10.213399   -9.818972   -9.192580  -10.657923   -9.732258
  -10.853130   -8.719477  -10.716015  -11.483314   -9.733152   -9.725295  -11.730443  -10.935109   -8.444394   -9.819152
    8.377551    8.507104   11.082601    8.402855   11.691452   10.494094    9.724953    9.304869   11.284138   10.039692
    9.068300  -10.247823   11.774357   -8.926358   11.858091  -12.228587    8.991925   -9.020473   10.493154   -9.932581
   -9.519454    9.404054  -10.771481   10.550486  -10.739720   11.293444   -9.144941   10.263411  -10.098001    9.085290
   10.583797   -8.488359   10.481107   -7.915144    8.271473   -8.865364    9.301240  -10.715967   10.436104  -11.512823
    9.891667    8.376618   10.897083   10.549796    8.397113   11.345400   10.021138   10.916726   10.663378    9.888853
   10.536937    9.285539   10.286108   10.989050   10.002993   10.333889   10.586572   11.052461   10.592106   11.716975
    9.550805    9.624275   10.234994   10.236332   10.195176    9.314463    9.558474   10.407855    9.264558   11.354278
    8.933287   11.149607    9.301295    9.435617   10.354983    8.677994   10.151064    9.890692   11.444110    9.793650
   -9.658415  -10.842179  -10.947717   -9.903552  -11.040960  -11.056522  -10.196397  -10.272983   -9.922176   -9.376436
   -9.481814    9.820640  -10.971840    9.505275  -10.670385    9.285900   -9.717537   10.176941   -8.166162   11.419410
    9.711764    9.888798   10.606789   11.546762   10.400490   10.947058    9.860045   10.486982    8.900733    9.777986
  -10.614932   12.161474  -10.788203    9.447511   -8.362598   11.048408   -8.747699    9.700258  -10.907606    9.915108
   11.434225   -9.238798   11.675123   -7.540181    9.472493  -10.063979    9.580477   -8.491396    8.968340   -8.601162
   -9.860116   -9.455067  -10.608736   -9.400438  -11.799735  -10.591196  -11.068674   -9.836960  -10.747801   -8.722704
  -10.544332   -9.577232  -10.788408   -9.752108   -9.497209  -10.049847  -10.929873  -10.389048   -8.300256   -9.806479
  -12.344776    9.884034   -8.865696    9.215660  -10.321983   10.841582  -10.878320    9.570644   -9.985103    8.454770
  -10.799385   -9.679673   -8.883332   -9.051946   -9.126999   -9.037894  -11.221455  -11.772922   -9.881023   -9.039928
    9.178534   11.292976   10.236674    9.556426    8.941086   11.693923    7.659728    9.550044    9.358224    8.569176
    8.226203   11.483915   10.485550   10.456819   10.969612    9.814083    9.068141   10.138561   10.018715   11.117422
  -10.770772  -11.163681  -10.909510  -11.025274  -11.303001   -8.842399   -9.467235   -9.482604  -10.946430  -10.994645
   -9.553636  -11.243087   -8.850285   -8.906509   -8.625537   -8.965795   -9.480980  -11.182314  -11.510636   -8.920762
    9.973171   10.927422   10.112136   11.115610    9.119946   10.211559    9.876887    8.987537   10.460763    7.994503
    9.663104   -9.500024    9.849785  -10.805649   11.374596   -8.181658    8.955467  -10.232634    9.618799   -9.074955
  -10.740555  -10.603624  -11.335862  -10.975514  -11.579580   -9.171773  -10.290402   -8.973453  -10.261103   -8.829282
  -10.174636   10.618026   -8.366465    9.149018   -8.479873   10.983797  -11.291028   11.230486  -10.378211   11.806959
   10.561514    9.986609    8.757852   10.222248    9.684032    9.613193    8.658058    8.463768   10.594452    9.372384
   -9.394501  -10.553952   -9.664194   -9.138528  -10.523761  -10.719998  -10.216225  -10.135697   -9.853355  -10.842901
   -9.542538    9.160516   -9.331221   11.440771   -8.640068   11.500015  -11.016854    9.380806   -8.420556    9.941341
   11.926079   11.827883   10.586699   11.670218    8.113763    9.761265    8.579916    9.644718   10.514743   10.194419
  -10.168964   10.830078  -11.465735   10.488409   -9.073721    9.304365  -10.638425    9.082703   -9.212130   10.653978
    9.655652    8.328232   10.347322    9.848004   10.221393    9.041971   10.692762    9.678443    9.670313    9.840983
   -9.384752   -9.583552   -9.377701   -7.945378   -9.956762  -10.086869   -9.984124   -9.518339  -10.600087  -10.151396
   -9.919826  -10.893536  -10.418797   -8.055484   -9.587981   -9.199884  -10.461354   -9.066905  -10.553179  -10.404648
   10.954393  -10.782910   10.059299  -11.056306   11.059787   -9.868602    9.246280   -9.526501   11.047037  -10.957679
   -9.547256  -10.113541  -10.666209   -8.330996  -11.021118   -8.343903  -10.899882   -8.088696  -11.217361   -8.806723
   -8.361952   -8.794873   -9.839370  -10.823288   -9.508037   -9.241790   -8.938063   -8.989685  -10.490706  -10.353971
  -10.923009   -9.162801  -10.934044   -9.643188  -10.270338  -10.799063  -10.956527   -9.639004   -8.421489   -8.854459
   -8.841962   11.078602   -9.998896   11.021666  -10.175598    7.349924   -8.758056    8.177574  -10.098511    8.177697
  -10.635481  -11.091145  -10.621231   -9.980732  -11.881664   -8.929111   -9.915157   -9.135134   -9.362074   -9.431985
   10.987121   10.751231    9.309940    9.062282   10.102357   10.830599    9.430502    9.312954   11.369621    9.452942
   10.890192   -9.905578    9.680985  -10.639061    9.742389  -10.555882   10.575081   -9.733789   10.449486   -9.090368
  -10.360622   11.012406   -9.875648    8.131224   -9.129954   10.531851   -9.195493   10.007889   -9.403943   11.563649
  -11.812499  -10.243917   -9.246366   -9.929276   -8.998449  -10.490101   -9.680437   -9.373400   -8.381907   -9.523628
    9.964871  -10.280406   11.080273  -10.858627   11.005697  -10.334023   10.266650  -11.875879    8.435454   -9.701035
  -11.188766   -9.248151  -10.509676   -8.941606   -9.496211  -11.233667   -9.618127   -9.627100  -10.329312  -11.342677
   10.087793  -10.096764    8.067527   -9.776567    8.692908   -9.874707    8.791845  -10.636833   10.292398  -10.967814
   10.048788   -9.171419    7.425867   -9.708629   11.325875  -11.472597   11.045944  -10.239332   10.230423   -9.149843
    8.819718   10.182704   12.240942    9.804902    9.828743   11.840602   12.576218   10.113640    9.026854    7.972039
   10.677472   11.461389    9.219989   12.520153   12.492475    9.834617   11.070278   10.787191    9.292419    9.833628
   -9.779950    9.486574   -8.935194   10.167456  -10.446889   11.036182  -10.248084    9.604308  -10.662752   10.744030
  -10.610313    9.556833  -10.423189   10.144313  -10.055361    9.612128   -9.220621   10.691932  -10.725975    8.911612
    9.445439    9.977940   11.248864   10.347784   11.443687   10.716613    9.238250    9.950521   11.262917    9.083311
  -10.131465  -10.696281  -10.561679   -8.876943   -8.888273   -8.528826  -10.474052   -9.986970  -11.385033  -10.090265
   -8.753668  -10.356406   -9.627544   -9.760709  -12.382224  -10.757824  -12.148708  -10.875613  -10.715983   -9.965439
    8.675199    9.506554   11.104251   10.501910    8.439534    7.682493   11.076423    9.618811    8.913927    8.926705
   -8.952783  -10.566945   -9.452385  -11.301268   -9.784924   -9.316146  -10.838658  -10.681023  -10.502370   -9.068510
    9.071126  -10.498554   10.686586  -10.829598    9.050033  -10.511987    8.377787   -9.983869    9.226453   -9.843776
  -10.761506   -9.709808   -9.079047   -9.729697  -10.194871  -11.518906  -10.461752   -9.746732   -8.126705  -11.313585
   10.250088   11.333756   10.064801   10.932581   10.009197   11.504676    8.897409   10.133565   10.606049    9.162972
  -10.666991   -8.783692  -11.248770   -9.737810  -10.820036   -9.512828   -9.443427  -10.347703   -9.615316   -9.658910
  -10.667433    9.539624  -10.864216    9.715618   -9.187264    8.068134   -9.926177   10.735934  -10.700455    8.741983
    9.072504   -9.791637   10.630206   -9.400680    9.779144  -10.871256    8.067395  -11.875157   10.547352  -10.816746
    9.267463   11.486767    9.658493   10.245790    8.599828   11.241845   11.119590   10.652749    7.642232   10.089824
  -12.437764  -12.434179   -7.891622   -9.579085   -9.493107   -9.832649   -7.395060  -10.698538   -8.652540  -10.485845
   10.768920    9.800508    9.675502    9.696329    9.102742    8.250387   10.086725   10.596699    9.538069    9.476075
   -7.056617  -10.114953  -10.695379   -8.410076   -9.579844   -9.831629   -9.746114  -11.048325   -9.753865   -9.852592
   10.667272    9.661400   11.440580    9.487162    9.575825    9.833966   10.358269   10.586870    9.119977   10.171752
  -10.420459    8.095901   -8.567009   10.592633  -10.914179    9.916498   -9.234538   10.318097  -11.232073   11.077887
   10.306191   10.562528   10.648996    9.493562    9.882711    9.514511    7.836169    9.639318   10.047368   11.767959
  -10.125444   -9.664908   -8.691988  -11.002410   -9.687743   -9.913426   -8.438724   -9.476454   -9.958954   -8.484239
  -11.565236    8.885528  -11.054484    9.706733   -8.739472   10.331518  -10.238064   10.992810   -9.386833    9.383743
   -9.163436    9.687523   -9.221793    9.739119   -9.100389    9.137547   -9.590887   11.004878  -10.795699   10.384866
   -9.881270   12.043285  -10.852045    9.904175   -9.254045    7.893415  -10.221629   10.018451  -11.676576   10.505689
   10.156939  -10.171632   10.190023   -9.775855   10.937131  -11.194736    9.749766   -8.565890    9.562635   -9.701857
   10.155229  -10.313439    9.619401   -9.336572    8.853406  -10.094345   10.408539   -9.083109    8.877773  -10.717802
   -8.408295   -8.916004  -10.282885  -10.859837   -9.784511   -9.512001   -9.976173  -10.325838  -11.317833   -9.529725
  -10.610545    9.240406   -9.638750   10.688294   -9.621834    7.675112   -9.631140    9.404346   -9.912359   11.925353
   -9.936239  -11.362068   -9.669127  -10.076435  -10.244124  -10.440337  -10.013017   -9.300171   -9.949691   -7.502789
   -9.755412    9.541882  -10.408456    9.824673  -11.024947    9.939625   -9.090558    9.601156   -9.958867    8.092868
   12.399690  -11.110500    9.379483  -11.233938   10.129166  -10.997247   11.809013   -8.588662    9.835240  -10.397799
   -8.245671   10.558183   -8.700696    9.986843   -9.930081   10.346932   -8.098602   10.390539   -9.618734    9.307429
  -11.759414   -8.744936  -10.171641  -11.661902  -10.119160  -12.878461  -10.753802  -12.049713  -11.916062  -11.334251
   10.080255  -11.220445   10.239270   -9.740836   10.245518  -11.273820    9.723993  -10.135649   11.445731  -10.463496
   10.113686    9.305713   12.127734   10.316131    9.961476    9.604387   10.732924   10.989672    8.039301    9.890392
    7.195545   -8.759963   10.099977   -9.606383   10.467505   -9.057282   10.765221  -10.658044   10.336026   -9.893708
   -9.987719   10.228532  -10.521109    9.139225  -10.168147   10.315228   -9.131593    9.179904  -10.048318   12.940483
   10.243793   10.263704    9.170430   11.451920    9.383963    9.262448    9.606021   10.622875    9.948834    8.233544
   10.307410  -10.408162   10.145127   -9.808833    8.930790  -10.275050    9.632027  -10.198557   10.005653  -10.339844
  -10.594482   10.837642   -9.762747    9.523188  -10.882417   10.308076   -9.197056   10.377313   -8.173963   10.197235
   -8.624218  -11.528230  -10.916857   -9.571823  -10.742451   -8.973576  -11.509254  -13.172993   -8.013766   -9.783251
   -9.583013   -9.772724  -10.497242   -8.853077   -8.383389  -10.340130   -9.935573   -8.888257   -9.377732   -7.273714
    8.774485   -9.946111    9.897181   -9.784866    9.356876  -10.184684    9.962858  -10.772158   10.269032  -10.264942
   -9.744989   10.960416  -10.981432    9.066340  -11.863459   10.333574   -9.076318    9.600593  -10.924878   11.121836
    9.477266    9.717863   11.079945    9.432337    8.537896   10.214623   11.018598   12.951027    9.340186   11.608325
   11.619293   -8.745530   10.495379   -8.437786    9.954396   -8.916373   10.299456  -10.273528   10.001104   -8.645366
   -9.110787   -8.990043   -8.250038   -9.532226  -10.567292   -8.472094   -9.483386  -11.146576  -10.672230   -9.883496
  -10.350916   -9.798625  -10.254904  -11.437193   -9.964721  -10.058864   -9.548607  -10.160390   -8.371461   -9.117190
   -9.053168    9.542954   -9.666243   11.190641  -10.703759    9.598102  -10.375579   10.068946  -11.216224   10.451060
  -10.174527  -10.685686  -10.122504   -9.540849  -10.037235  -10.887440   -9.625080  -10.810046  -10.717018   -9.195256
   10.084633  -11.769330    9.844523   -8.993888    8.747926  -10.952550   10.727424   -9.566567   10.642217  -11.836935
  -10.070920  -10.386775  -11.055851   -9.713259   -8.876963  -10.654089  -11.559832   -9.911867   -9.796282  -10.577997
   10.848884   10.661149   10.169166    9.103000    9.223679    8.392716   10.345999    9.172038   11.835569   10.947931
   -9.549248    9.578759  -10.735630    9.236575  -11.620208    8.692395  -10.158549    8.963580  -10.494970   10.345287
   11.631103   -8.957778    9.016200   -7.790117    8.785912   -9.864391   10.571287   -8.713121   10.366289  -10.214786
   10.478167    9.686777   11.225190   10.401604    8.552749   10.733336   10.514013    9.574686   10.267150   10.489666
    8.744265    9.494560   10.057160   10.270961    8.372522    8.846486    9.181148    9.704685   10.101925   10.824201
  -10.604013   -9.645366   -7.675242   -8.754610  -10.015225   -9.162107   -9.511568   -9.533836   -9.484881   -9.129832
    9.935543  -12.179835    9.198718   -8.460459    9.872937   -9.346813   10.180102   -9.585816    9.499358   -8.985663
    9.043592   -9.755487    9.882590  -11.628522    8.643921   -9.906645   10.746908   -9.710006   11.214851   -9.912610
   10.587425   -9.870863   10.103542  -11.273304   10.655446   -9.362169   11.428310  -10.772492   10.737611   -8.852278
   10.546633  -11.239987   10.037752  -10.728554   10.592364  -12.193749    9.596667  -10.368459    9.929998   -8.879506
   -9.716775   -8.970987   -8.796599   -8.946993   -7.167299  -11.133314  -11.162148  -12.202816   -8.770831   -9.852165
  -11.212016  -12.416308   -9.492536   -9.038830   -8.958718   -9.291485   -9.234198   -9.872426   -9.505848   -9.884308
    9.059439  -10.766878    8.971632  -10.189438   12.029851   -9.006905   12.238907   -9.004751    8.356586   -9.308833
    9.379531    9.847872   10.098540    9.764865    9.619275    9.285712   11.362539    9.744100    8.743939    9.928060
   10.097181  -10.257701    9.151953   -9.210709   11.146102  -10.210755    9.596501  -10.483091   10.848958  -11.471531
   10.464219  -10.135748    9.917289   -9.289978    9.628446   -9.719620   10.623690   -8.620043    9.519149   -9.886124
  -11.075430   10.265702   -8.911364   10.297241   -9.375095    8.678480   -8.440894    9.975811  -10.227243   11.199926
   12.185439   -8.389477   12.883826  -11.588044    9.599262  -10.021572    7.494221   -8.828479    9.641019  -10.377018
   -9.977257   -9.759474  -11.724553  -10.182670   -9.391580  -10.094962  -10.389039   -9.293172   -9.427208   -8.730368
   -9.036780   -9.922086   -8.963573  -10.611554   -9.173633  -10.154765   -9.473605  -10.392993  -10.256503  -10.609263
    9.690342   -9.557136    8.817766  -11.689603    9.818935  -10.340389    9.234531  -10.236328    9.898805  -10.647039
   -9.182243    8.835669  -10.367867    9.766066  -10.955423    9.682933   -9.337527   10.685949  -10.169899   11.616040
  -11.026193  -10.609157   -9.487171  -11.253379  -11.034916   -9.933349   -9.929123  -10.851717  -11.405470  -10.165604
    8.421704    9.648822   10.135862    8.946571   11.029223   10.112391    9.584139    9.541186    9.598774    9.491629
    9.644999   10.002343   10.649926   10.470641   11.433370    9.231803   10.145780    8.179756   11.034732    9.479831
   10.449951  -10.492181   10.618017   -8.145937   10.549738   -9.267233   10.130366  -10.665286    9.493558   -8.840108
   -9.504704   10.701454  -10.617002    9.740073   -8.939221    9.574641  -10.578095    9.550452  -10.621173   10.390538
   10.022296   11.814376    9.708113   10.664346   10.992125   10.500983    9.317736    8.328211    9.972852    9.869843
    9.693231    9.341898    9.764575    9.840473    9.743612   10.284710    8.409014    9.994654   10.012967   10.005742
   -9.715154   -8.829178  -10.336723   -9.293861  -10.139204   -9.832597  -10.243927  -12.009998  -11.537104   -9.369094
    9.424813  -10.690413   10.194642   -9.037769    9.125190   -8.913410    9.554514   -8.988394   11.404747   -8.919756
  -11.524179    9.815365  -10.954842    9.597636   -8.293775    9.760786   -9.283184    7.345935  -11.196841    8.537071
   12.143857   -9.636912    8.238685   -9.059985    9.138554   -8.384998    9.586179   -9.992004   11.437073   -9.547515
  -10.696803   10.478296  -10.179269    9.319770   -9.525944   10.367018   -9.703674    9.963993   -9.990087    9.952018
   -8.561939   -8.666106   -9.777077   -8.258378  -10.532430  -10.631842  -10.726069  -10.210020   -9.146896  -10.286864
   10.010763   11.267229    9.909383    9.238081    9.525841    9.106722   11.197186   10.395233    9.470959    8.451925
   -9.822785   10.951031   -9.540041    8.063651   -9.393886    9.495932  -11.070226   11.632836   -9.400388   10.723351
   -8.838034    8.795640  -10.863708    9.955527  -12.063179   11.299278   -9.169593   10.320762   -8.571769   11.868988
    8.639037   10.502734    9.743698    9.036700    9.587638    9.857554   10.527667   10.131376    8.174329   10.172775
   11.253330   10.520629   11.108956    9.882646    8.263984    7.717239   10.105592   10.692169    8.415302    9.857535
   10.568489    9.029068    9.040665   10.200213   10.824514   10.193760    9.318565   10.761682   11.255708    9.859970
  -10.440758   10.443503  -10.113704   10.065383   -9.962681    9.443108   -9.079284    9.371084   -8.961784    9.641429
    9.992350   11.593544    8.253954    9.873818    9.452056   11.508752   11.286166    9.267402   10.933395   10.214378
   -9.832632   10.170888  -10.310159   10.702052  -10.889166   10.060174   -8.960675   10.976207   -8.663350    9.842775
  -10.458525   -8.458267   -7.426121  -10.316670   -8.828039  -10.538194   -9.439520   -8.701476   -8.996482   -8.108440
   10.564790   11.512206    9.608341    7.972939   10.733153   10.273997   10.719311   10.752533   10.966864    8.592067
   -8.340051   -9.023981  -10.090162  -10.743931   -8.865120   -9.402146  -10.966992  -10.263496   -9.427864  -10.451512
  -10.971329    9.142444   -8.914440   10.996760   -8.504211   11.947245   -9.508783   10.598927  -10.453522    9.977129
    8.486656  -10.095862    8.235406  -10.427094    9.492452   -9.580775   10.758501   -9.625577    9.705399   -9.402832
   10.377562   -9.367870   10.142006   -9.624437    8.827546  -11.602208    8.366211  -11.065788   11.466954   -8.794340
   10.647088   -9.980025   11.527079   -9.961475    9.028356  -10.451871   10.297088   -8.000745   10.321198   -8.641068
   -8.755403  -10.552622   -8.684653   -8.648745  -10.338269  -11.417545  -11.491789   -9.076841   -9.188929  -10.819632
   10.192916   10.467471   10.464469    9.419745    7.755255    8.883828   10.146551    9.477272    8.767531    9.672829
  -10.228253  -11.241272  -10.544064  -10.070331  -10.412582  -10.251374   -8.744926  -11.262799  -10.668667   -9.588216
   -8.927546   11.673110  -11.770134    9.855296   -9.489625    9.185380   -9.748748   10.742775   -7.797933    9.473144
  -11.019807  -10.363753  -10.917380  -10.483113   -9.705627  -10.464542   -9.767291  -11.585217  -10.821395   -9.339362
  -10.831114    9.907397   -8.477833    6.860142  -10.448849    9.414520   -9.938108    9.994695   -9.024921    9.161791
  -10.176154   10.438031   -8.663901    9.339513   -8.183148    9.643896   -9.912640    8.159555  -10.789511   11.600482
   -9.909845  -10.124533  -12.036762  -10.043098   -8.486637   -8.781817  -11.231279   -9.072419   -9.603437   -7.896116
  -10.336994   10.401867   -9.621212    8.461436   -8.839023   10.961146  -11.435139    9.086290   -8.700426    9.242413
    9.091393    8.548005    9.497632    9.387618   10.372579   10.200914   10.210879   11.151697   10.810443   10.242967
  -10.119047  -10.510315  -10.535266  -11.056885  -10.166183  -10.185375   -9.411864   -9.082469   -8.062723  -10.371580
    9.683616   10.397323   12.252834   10.440802   12.685597   10.557046    9.929467    9.491374    7.935082    9.983260
   10.970527   11.418986    8.384453    8.569567   12.014690   10.416847    9.370479    8.838388    9.467914    9.150490
   -9.708855   -8.265889  -10.516206   -9.848070   -9.271672  -10.109456   -8.913110   -9.535169  -10.136816  -11.925041
   10.384337    9.808796   11.962555   10.087129    8.002195    9.577949   11.212979   10.083981    9.772225   10.853864
   -9.981787  -12.150245  -13.274615   -9.408176  -10.840445   -9.544771   -9.766168   -9.177004  -10.284461   -9.767177
   -9.659577  -11.891043   -9.763411  -10.402439   -9.290784   -9.756436  -10.425152   -9.401143   -9.786569   -9.865037
    9.993031    9.516009    9.225473   10.419035    7.517520   10.628060    9.551251    9.220159    9.074826   10.020480
   -9.980846    9.261555  -10.460312   10.128819   -9.356064    9.354741  -10.035260    9.650437  -10.158350    9.446871
    9.846376    8.910594    9.900756   10.339358   11.177575    9.439677    8.732459    8.680372    9.947184   11.246881
   11.768109   -7.223275    9.497436   -9.287895   11.994017  -10.824234    9.227950  -10.847921    8.510762  -11.015713
    9.248833   10.039583   10.058368    9.971078   10.781115   11.403413   10.541099   10.666293    9.159127    9.796202
    9.193665   11.789929   11.111363   10.232322   11.289738    7.614425    9.105935    8.378278   10.671547    9.882663
    8.195017   -8.282780   11.300424  -10.651209    9.717135   -9.282761   11.170160  -10.978885    9.673886  -10.317570
    9.754423   -9.894580   10.284233   -8.136907    8.758656   -9.760315    9.500328   -7.865623   10.064522   -9.604299
