  -10.226048    8.642880
  -11.359421   -9.780311
  -10.156797  -11.079212
    9.725250   -9.321381
   10.074278   12.765273
  -11.409899    7.371579
    9.799907  -10.317798
  -10.273066   -9.762470
   10.266282  -10.422617
   -9.093877   -9.660175
  -10.074774  -10.312159
  -11.652572    8.791965
   10.792938   -9.673519
  -11.529290  -10.444420
  -11.065894   10.712993
   -9.534783    9.379974
   -9.652517  -11.000343
   10.187646   -9.851707
    9.879317   10.191532
  -10.854259   10.042848
    9.590810  -11.295132
  -10.172781   11.612101
   -9.247579   10.110050
  -10.185697   10.459283
   11.264738  -10.303130
    9.782329    9.877364
  -11.129385  -11.067541
  -11.139304   -8.717590
  -10.248895  -11.124530
    8.826118  -10.781884
   10.513866   10.342521
    8.124222   10.589382
    9.845135    9.810867
   -9.289516  -11.000127
   -8.642579   -9.017943
   -9.903983    9.504866
   10.737249    9.402195
    6.492838    9.671824
   -7.941960  -10.325164
   -9.310485  -10.990770
   -9.738615   10.483307
   10.068109   -9.522861
    9.118244   10.868174
   10.745435    8.995074
   -9.900764    9.057153
  -10.018251  -10.715939
    9.678622  -11.074146
    9.593807   -8.849481
    9.093324   -9.918360
  -10.450952   10.914634
    9.974904  -10.626055
    9.431876   10.053680
   10.507477  -10.315082
   -9.647027   -8.935302
  -10.996098  -10.822312
    9.318003   10.911647
   -9.945949  -10.162454
  -10.306074   -9.026413
   -8.997465  -12.455127
   10.304600  -10.323668
  -10.537337   10.910843
    8.431486  -11.155271
    9.240556   10.285597
   12.358635  -10.453492
   -9.073525  -10.114662
    9.574481   10.374014
    9.849127   -9.252267
  -10.317680   -9.497452
   10.266162   -8.451603
   -8.690916    8.902740
    7.791121   -9.869727
   -9.571190  -12.198609
   11.359459  -10.088888
  -10.638252  -10.913923
   -9.212288   10.783742
    9.440064  -10.720374
  -12.381239   -8.983826
    8.145453    9.812349
  -10.741371   -8.373029
    9.581361    8.837993
   -8.604830   -8.663254
    9.780469   11.605240
    9.062718   -9.578431
   -9.326404   -9.215846
    9.412221    8.694821
   -8.544663   -9.962210
   11.183725   10.732767
  -10.411943    9.871680
   10.744886  -10.182735
    9.793115   11.980667
   10.665083   -9.486308
    9.778977    8.743919
   10.268492    9.307339
    8.360757    9.371346
   11.606095    9.859477
    9.534629   10.282335
   -9.768546  -10.691771
   -9.366662   11.688686
   10.936289   10.482106
    7.796093  -10.192903
   10.765000  -10.029637
  -11.310487  -10.846159
   -9.153634   -9.498799
   -9.871811    9.506688
   -8.518480    9.983364
   -9.013687    8.897388
   -8.021016    9.793347
   10.337103    9.839571
  -10.313088   -9.946224
   10.227970    9.808448
   10.168055   10.905939
   -8.519082  -10.663032
  -10.516043   10.069344
   -9.838926    8.951799
   -8.630415   -9.617206
   10.640292   -9.879788
  -10.190889   -9.289180
    9.881393    8.427055
   -9.747121   10.179222
   10.235244   -9.663090
   -8.727116   -9.988666
  -10.233853   10.394536
   11.244266   -8.788300
   -9.121732    9.390173
  -10.105051  -11.598262
   11.340671   10.507081
   10.073179    8.938912
    9.475749   10.125739
   10.193771   -8.932163
    9.178859   -9.878764
   11.020594    9.824637
   -9.501111   -9.631961
  -10.021299   11.329001
    8.833216    9.702475
   10.263009   -9.635594
   -9.454202   -9.572360
   10.391882    9.403364
    9.059610    9.905402
  -11.373221    9.237168
  -10.193643   -9.281863
  -11.255800   10.255928
   -9.202373   -7.809597
  -10.641831    8.363344
   -8.830033   10.835856
   10.792830   -8.484066
   10.125538   -9.297200
    9.430221   11.288277
   10.119641  -10.587447
    9.282906   -9.848946
    9.915678    9.667942
    8.693773  -10.495017
  -10.234130    9.394618
  -10.447607   -9.800197
   -9.406907   12.710906
   10.084493   10.824009
    9.512903   10.239287
   -9.378958  -10.566465
  -10.290335  -10.523538
   -9.169114  -12.295849
   11.155909   10.759672
    8.734477    7.951537
   -9.838344   11.731167
   10.383896    9.395281
   10.116515   -8.322759
    8.935596   -9.091643
   -8.490326    9.858244
    9.290010   11.067757
  -11.025795  -10.734809
    9.876897  -11.448165
   10.219189    9.679450
   -9.690519   -9.468778
   -8.950987   10.285160
  -10.572002   -9.570897
   11.676772   -8.728011
   11.098676  -11.640622
   10.605736  -10.131803
  -10.874354   10.862100
    8.843539  -10.590536
   10.272134   10.175587
   -9.599547  -10.217922
    8.069291    8.978073
   10.843676   -7.974291
   10.265912  -10.422323
   10.507265    9.748200
    9.269262   10.154035
   10.043262    9.630495
   10.097977  -10.176659
   -9.230327   11.164712
  -11.900545    9.570427
    7.848529   10.252728
    9.131630    8.350579
  -10.776442  -10.583326
   -9.647293   11.462126
  -10.374657    8.912097
    9.410351  -10.072636
  -10.694802   11.457421
   10.481070   -8.687539
   -9.891539  -12.285563
  -10.404880   12.442010
    8.992171   -8.154922
   11.289876    8.672032
    9.474247  -10.733898
   10.789770   10.673558
  -10.165595   -9.008360
   11.584931  -10.932195
    9.030755   -9.960768
  -10.166050    9.336629
  -12.592974    9.680902
  -10.546964   -9.736249
   -9.615958  -10.914159
  -10.095700  -10.228690
    8.791402   11.038883
    8.304936   -9.808712
   -7.996912    9.924750
  -11.375356   -9.825839
   10.374514   11.515633
    9.378011   10.125003
  -10.115363   -9.433394
   10.044979   10.564159
    9.935776   11.225410
   10.983559   -9.308431
   -9.512788   10.456051
  -11.434903   11.326521
  -11.183315    9.744502
   11.565059   12.680105
    9.116648   -9.050610
   10.147348   -8.917413
   -9.526081   -8.503131
   10.436688   10.015631
    9.864287  -10.256567
  -10.567023   -9.560758
    9.927488    9.302876
   -9.737540  -11.072852
  -10.782484  -10.931287
   -9.372268   -9.897503
  -10.284408  -10.522979
   -9.772852    7.554993
   11.983603   10.452710
   11.391900   10.003591
  -10.505134    8.224501
    8.876971    9.387006
   10.897258    9.775535
    8.923112   10.421229
  -11.871639   -9.818988
  -11.419740   -8.463172
  -10.991429   -9.379646
    8.627136   10.456578
   -9.934686  -10.344138
  -11.643762  -10.421998
    8.581512  -11.174848
    8.616802  -12.194372
   10.628231   11.327956
   -9.534013    7.404518
  -11.704252   10.149852
    8.537883    9.877945
   -9.055973    9.206595
   11.503405  -10.111971
   11.475564    9.288580
   10.321813   11.191736
   -7.995981   11.740999
   12.262523    9.318806
   10.984932    9.256376
    8.797498    9.972276
  -12.746248  -12.227717
   12.262958    9.060560
  -11.084404   10.788077
   10.444585  -10.491174
    9.302108   -9.287652
   -9.168035   -8.830898
   -9.300124   -9.622489
    9.055786  -10.298940
   10.948877   -9.162083
   -8.253249  -10.732348
   11.164648    9.575568
    9.596490    9.343670
   10.949282    8.565992
   12.786880  -10.306161
  -11.581778    9.501066
    9.750970    8.367068
  -12.259653   10.419869
   11.097166  -10.018832
   -8.631411   10.280620
   10.736572   -9.511212
   -8.769386   -8.726326
  -10.553812   10.129029
  -11.047619   -8.970415
   -8.943003    7.736390
   10.088600  -11.577050
    9.012303   -9.093601
  -11.039452   -9.848522
  -10.781942  -11.417465
    8.967487   -9.181261
   -9.369432    8.063551
    8.951358  -10.211700
   -8.405657   -9.404284
  -10.519479   10.498514
   10.859280    9.610131
   10.059111  -10.930387
  -11.902929    8.462120
    9.659607   -8.802436
    9.491537  -10.388673
  -10.388979   11.142081
   -9.056922   -9.164401
   11.217230  -10.037823
    9.673768    9.535041
    9.449348   -9.893062
    8.816193   10.130905
    9.582667    8.883303
  -10.182869   10.060026
  -12.519364   -8.709050
   -9.840873  -10.906729
  -10.959625   11.174333
  -11.617676  -10.679376
    9.206071  -10.838652
   12.692533    9.201372
    9.356731    8.784440
  -10.749382   -9.532899
  -11.222033   12.685053
  -10.497838   -8.436225
  -11.029208   11.030860
   10.525909   10.266305
   -8.515908   -9.921917
   10.928601   -9.715389
  -10.340563   10.686023
  -11.280438   -9.810867
   10.000654    9.944574
   -9.540951  -10.688745
   10.726915    9.945567
   -9.575493    9.887369
  -11.457174   10.209911
  -11.289204  -10.113158
   -9.811780    9.545081
  -10.701587   10.187926
   11.221886    8.342629
   10.475190   10.094465
   -9.802628  -10.665491
   -9.220642   10.140509
  -10.528507    9.333411
   10.302899  -10.159587
    9.008335  -10.393845
    8.831843   -9.422725
   10.292782   -9.752492
   -8.247533  -10.035451
   11.039223  -11.131223
   -9.575485   10.678533
   -9.650745   10.542211
  -10.255714   10.498086
   -9.585342   10.231307
   -9.977941    9.183930
   -8.318938    9.770030
  -10.018338    7.608194
   10.324042  -10.835730
   -8.952449   10.774557
   10.501107  -10.344921
   -9.668913   10.020834
  -10.368472    8.984217
   10.345749   -8.657682
  -11.962989    9.281603
  -11.336413   -8.230280
   10.395634   -9.281602
   10.185429  -10.431435
  -11.200357    9.966592
  -12.378360    9.849260
    9.834025   10.933908
  -10.001216   -9.389010
   -8.806945   10.747592
  -10.760063   -9.660615
   -9.492791   11.150994
   -9.675190   -8.307224
    9.416999   10.878489
   10.841347    8.863736
  -11.848346   -8.739151
  -10.154509    8.204442
    9.880214   11.376190
    7.745095   -8.981464
  -10.343890   -9.638955
   10.772346   -9.079607
   10.175936   -9.321350
    9.847809   -9.203810
    9.693615   -9.608944
   10.343646   10.236881
  -10.145444   13.198577
  -10.536429   -9.830216
   11.053770   -9.292663
  -10.558045   10.871242
  -10.624370   10.215912
   10.480352    9.200962
  -10.407625    8.344946
   10.842908    9.151988
  -10.266151   -9.510603
   -9.130277   10.254481
  -11.099874   -9.793784
  -11.841852    9.861194
   10.379488   -9.192382
    9.622019   -9.552490
   -8.100458    8.165322
    9.231771   -7.345962
   -9.787667  -10.286369
   10.269893   10.077941
   11.381574  -11.373099
