   -9.832452  -10.938851   -9.606260   -8.894328  -10.449445  -11.405232  -10.206941   -9.686847  -10.234303   -9.857843   -9.047137  -11.197237   -9.064276   -9.670986  -11.130022   -8.007623  -10.543091  -10.419023   -9.523277   -8.479424
   -9.371366   -9.920295  -10.907357  -10.298918   -9.209816  -11.098634  -11.002552  -10.201307  -10.762515   -8.852986  -10.522916   -9.301451  -10.322276  -10.741133   -9.516636  -10.236536   -8.717498   -9.441784  -10.061276   -9.941192
    8.349855  -10.169911    8.471423   -8.473639   11.112970  -10.782937   11.233011   -9.096256    9.986682   -9.344966    9.992800  -10.018571    9.661521   -8.666383   10.498538  -10.706949    8.506345  -10.346088   10.871276  -11.021803
    9.390968   11.044002    9.711014    9.779297   11.175669    9.450079   10.921761    9.230555    9.640778    9.644617   11.057338    9.378995    8.809872   11.276321    9.339704    9.570012   10.629841   10.171320   10.511584   11.449767
   -8.119749    8.657763   -8.844398   10.166151  -10.662950    9.517662   -8.854617   10.894706   -9.360823   11.298074   -9.188477   10.866260  -10.465211    9.110837  -11.052121   10.274059  -11.662817   11.107094   -8.388414    9.755385
  -10.896957    9.351872   -9.379135   12.225906   -9.312785   10.660929  -10.120890   10.298161   -9.066796    8.918831   -9.543217    9.919107  -10.044294    9.738993  -10.556637   10.938660  -10.173130   10.419371  -10.855024   10.140678
   -9.274196    9.774839  -10.472372   10.312084  -10.042183   10.103368  -10.430857   11.195173   -9.863264    9.114533   -9.877760   11.000281  -10.735952   10.940922   -9.811471    9.559289   -9.134586   10.109779   -9.346515    8.744075
    9.485757   -9.465258   10.453964  -10.812065    9.997541  -10.122236   12.848393  -10.614338   10.504004  -10.685705   10.628250   -9.125980   11.272935   -9.563099   10.601424  -10.916029    9.507585  -10.496442   11.588597  -10.083782
   -8.876056    9.487775  -10.894156    9.657545  -10.152150    9.083927   -8.741888    8.829805   -9.808014    9.528503   -8.800254   10.741742  -10.377453    8.664974  -11.019641   11.257379   -9.309866   11.409201   -9.484590    9.804676
  -10.757968    8.908645  -12.956093   10.855357  -11.391714    8.709785  -11.016007    8.621114  -10.437430   11.967085   -9.679585    9.715318  -10.737759   11.113602  -10.158086   10.871737  -11.359302    9.387837  -10.198297   11.847167
  -12.446357  -10.700566   -9.122521   -9.168089   -8.677449  -11.869360  -11.565505   -8.374350  -10.555221   -6.782877  -10.645899  -10.281869  -10.161646  -10.716281  -10.024758   -8.966861  -11.686843   -8.507196  -10.260954   -9.104099
   10.123198   10.221092    9.965385   10.525062    8.472576    9.538274   10.035711    9.063108    9.433974   10.011365    9.101969   10.970811    9.096372    7.868108    9.598317   10.236488    9.923868    8.676570    9.094562    8.839833
    9.031860  -10.229587   11.221562   -8.510432   10.398807  -11.349577    9.358365  -10.167799   10.245446   -9.926103    9.272761   -9.050691    8.160142  -10.473135   10.446903  -10.005811   12.022107   -9.632305   11.880323  -10.203688
   11.580184  -11.079879   10.938434   -9.322696   10.712258  -10.577575    9.754071   -9.328324   11.260876   -9.768159    9.951897  -10.865547    9.795633   -9.584954   11.225162   -9.856708   12.091271  -12.212373    7.715093   -9.757454
    9.234412  -10.835020   10.969155  -10.642653   10.302940  -11.856163   10.242264   -9.906867    9.107975   -8.935532    9.449512   -8.515511   10.304678   -8.814575   10.979735   -8.622475   10.296987  -11.269905   10.944655   -9.996648
   10.214353   10.835781   11.424658   10.100727   10.466003    9.079161   10.192160   10.700369    9.142879   11.470109   10.796085   10.376742    7.092361   10.517606    8.959924    9.285325   10.655424   11.407045   10.965868   10.359079
  -11.212118  -10.111455   -9.399940   -9.541115   -9.180922   -9.161815   -8.304720   -8.146776  -10.704802   -9.477001   -8.847985   -9.272922  -10.153943  -10.074243  -10.124806  -10.404990   -9.568762  -10.567742  -10.596969   -9.851740
  -10.838998  -11.263399  -11.694417  -11.157626   -9.969311  -10.386135  -10.710180   -9.275249   -9.701868   -8.845950   -9.720501   -8.982136  -10.679593  -10.548321   -8.758046  -10.837579   -9.410485   -8.808674   -8.970702   -9.596214
    9.343573  -10.447157   11.132060   -9.766581    7.919513   -8.115469   10.127130   -7.950210   10.014307   -9.436941   10.054296  -10.757358   10.165275   -9.926803   10.247160  -10.382624   10.381035   -9.989406   11.339085   -8.397104
    9.934849    9.472925    8.905703    9.723977   11.234339   12.238485    8.973201    9.175717    7.932442    8.724096    9.688607   11.552795   12.145606   10.503134   10.660721    9.300616   10.718136    9.971044   10.393645   11.462325
  -10.522908   10.438174  -10.599060   11.291187  -10.103357    9.652283   -9.202509   10.758896  -10.830011    9.460271   -8.102808   11.108500   -9.521317    8.799029  -10.452942    9.841019  -10.783811    9.454611  -11.085738   10.042909
    8.437273   -9.832054    9.222220  -10.341241    9.792306  -11.811845   11.066783  -10.599915   10.964121   -9.001864   10.178909  -10.199485   10.044511  -13.493968    9.974092  -11.588262    9.776720   -9.714609   10.476763   -8.237775
   10.057293    9.654372    9.157430   10.328351   10.021208    9.947637    8.994670    8.654591   10.598019    8.249199    9.699368   10.340440   10.291188   10.118228   10.802296    9.874012    9.476266   12.237793    8.209351   10.241082
   10.745091    9.763415    9.542021    9.853646    9.425017   10.056266   10.442451   10.339508   10.794704    9.269199    9.117154    7.492699    9.771435   10.617312   10.698776    9.792968   10.384265   10.225899   10.007229   10.034456
   -9.129688    9.513130  -11.013910    7.494098  -10.969774   10.761558  -11.294406    8.992800   -9.261279    8.971807   -9.295419   10.391262   -9.851289   10.705634   -9.319015   10.657509   -9.600922    8.866329   -8.431461    7.472590
   10.180389   -8.850076   11.484746  -10.638385   10.818760  -11.566978   10.000666   -8.828074    9.247682  -10.682480   12.027954  -11.425548   10.134888  -10.199847   10.435692   -8.145165   10.822502  -10.850141   10.678823   -9.367220
  -10.332472    7.971716  -10.145348    9.587949   -9.185435    9.135332  -10.140363    9.065223   -9.350069    9.745906  -10.431026    7.478901  -10.948439    9.834673  -10.492595   12.744596   -9.000167    9.911127  -10.125099   10.926906
   -9.080611  -10.533660  -10.315070  -10.747903  -10.114636  -10.226825  -10.364182   -9.582883  -12.982870  -10.740456   -9.624973   -8.558103  -11.311844  -10.679041   -9.381588  -10.172340  -10.886507  -10.316467  -10.044478   -9.633714
   10.146244    9.378356   11.529857    9.374564    8.878131    8.737476    9.344527    9.696595    9.893887    9.153547   11.663874    9.858492    9.902897   10.344250   10.126178    9.792002   10.675958   11.287707    9.359593   11.848470
   12.429506    9.662363   10.793659   10.579886    9.671398   11.447293    9.831889    8.968741   11.330613    8.844672   10.524313    9.452539    9.545093   10.274298    9.666720   10.816609    9.321919    9.754919   10.402296    9.741542
    9.655528   -9.859178   10.874663   -9.634989   10.745539  -11.340296    9.944821  -11.034598    8.886159   -9.095142   12.607593   -9.697382    8.357755   -9.233399    8.546802  -11.750133   10.683516   -9.900116    9.981424   -9.722459
  -10.391837  -10.852139  -10.154496  -10.181049   -8.362480   -8.987209   -9.784980  -10.045226  -10.314184   -8.806385  -10.205674   -8.747737  -10.658592  -10.402271  -10.267800  -10.742058   -9.468463  -10.854552   -9.817466  -10.409989
   10.810608    9.510009   10.233192    9.228980   10.566217   10.880270   11.305043   10.024493   11.249123    9.426992    9.220507   10.575868   11.734978   10.464548   10.268719   10.804010   10.637432    9.915335    9.204660    9.923782
  -11.829913   10.218994   -9.735286   10.415466  -10.481707   10.335391  -10.696098    9.222781  -10.037576   10.385151   -9.500981   11.008433  -11.468143   11.003458   -9.007282    9.768867  -10.116269    8.675038   -9.005818    9.993767
    9.715172   -9.067156    9.428497   -9.785217    8.821460   -9.876240    9.791164   -9.959220    8.394063   -9.334362    9.328812  -10.122578   11.060739   -8.658845   10.868474  -10.024380   10.845745  -10.649057   10.900917  -10.518216
   -9.560610    9.231301   -8.873230   10.794598  -11.311202    8.777281   -9.681670    9.154390  -10.824225   10.206034  -10.372899   12.325219  -10.467662   11.295826   -8.336446    8.037679  -10.698030    9.209004  -11.597601    8.852127
  -11.529540    8.242459   -8.879378    8.866383  -10.564579   10.946708  -10.741775    9.201441   -9.371658    9.730320   -9.909534   11.412885   -9.909506   10.456805   -9.270482   11.092718   -9.341348   10.653089  -10.115412   11.951818
    9.871406    8.618914    8.925250    9.965907    9.874619    9.892900   11.221249    9.964396   10.482813   11.374252   11.373370    9.192437   10.974898    8.802303   11.442858    9.006149   11.434934    9.436308   11.404371    9.197713
   -9.483235   -9.494801  -10.852957  -10.936872  -10.297782  -10.179262  -10.942245  -10.471671   -8.560572  -10.000867   -8.797567   -7.523926  -10.467305   -9.712638  -10.416116  -10.224306   -9.625560   -8.206417   -8.681921  -11.755815
   -9.919147   12.015972   -8.437449    8.951424  -11.001183    8.755287   -9.087555   10.687995  -10.627817   10.039479   -9.361402    9.770366  -10.606329    9.931488  -10.600042   10.028478   -8.736043    9.299540   -8.920295    9.869874
  -10.490281  -11.498225  -11.000903  -11.017373  -11.896242  -11.167588  -10.985302   -8.113565  -11.648965  -11.136387  -10.042108   -9.610043   -9.770257   -9.831536  -10.398770   -8.603703  -11.021102  -10.857842   -9.331777   -9.405948
    9.161878   10.436707   10.263701   10.624019    8.451290    8.842762    9.415380    9.075718   10.266362    9.849615    9.729250    8.326437   10.478769    9.569641   10.350089    9.822477    9.842881   10.460481    9.335233   11.619415
   10.604523   11.194075   10.459608    9.205772   10.290002    8.800700   10.065043   10.387207   10.082279   10.277076   10.949054    9.008352    7.279043    8.736448   11.297980   10.107753    9.563715   10.671280   10.604372   10.323993
    9.170148  -10.382157    9.091464  -10.295100   10.658574   -8.515839    9.035358  -11.485699    8.155494   -9.206641    9.635274   -8.874316   10.304453   -9.783680    9.578531   -7.819646    9.245971  -10.649119    9.318882   -9.803887
    9.600543   -9.207097    9.756423  -11.168145   11.680065  -11.152373   11.580678   -9.095118   10.659303   -9.254587   10.469874  -10.923093   11.397217   -7.125292   10.251809  -10.490534    9.136064   -9.511000    9.129255   -9.307888
  -10.864295  -10.300158  -10.146948  -10.509395   -9.083830   -9.578661  -10.019952  -10.318425   -9.735794   -9.531116  -10.042915   -9.872298   -8.836408  -11.177439   -9.595562  -10.399629   -9.195449   -7.925385  -10.343142  -10.948282
   10.815806  -11.385702    9.604877   -9.500761    9.258948   -9.282673    9.716873  -10.300815   10.015832  -11.192567   10.179027   -9.117487    9.093284  -10.947517    7.828465   -9.341088    8.552330   -9.047731   11.649975   -8.371920
   11.148084   -7.598658    9.589852  -10.311698   11.045255   -8.574980   11.071271  -10.705755   11.773762  -10.173715    9.642001   -9.663188   10.121611  -11.768205   10.030790  -10.291065    9.315466   -9.825405   11.105307  -11.283564
    9.797116   10.340803   10.833983   10.445389   10.579406    9.063952   10.038964   10.568186    9.086300   10.905555    9.707461   11.388162   12.437271    9.900284   10.334268    8.738967   10.339638    9.526362    9.308595    9.854123
   -8.618437   10.443630  -11.005360    8.791232   -9.505478   10.519038  -11.686658    8.923240   -8.952220   10.261623  -10.082924    9.898378   -9.687576   11.080789   -8.172096    9.182843   -8.975586    9.741964  -10.357823    9.554593
   -9.766758  -10.220116   -9.050459  -10.917966   -9.757194   -9.775186  -11.070248  -10.120352  -11.225319   -9.784962  -10.610818   -9.554425   -8.522536   -8.943805  -10.763192   -9.219418   -9.812865   -7.038790   -9.764027   -8.349950
   10.974036    9.490852    9.610017   11.005926   12.060786   11.390936   10.296098   10.844999    9.969028    9.638739    9.256121   10.811006    9.756077   11.197850   10.495078   10.400647    9.953626   11.456961   12.736729   11.473586
  -10.856329  -10.504449  -10.263474   -9.559479   -9.610318   -9.913352   -9.407880   -9.414906  -10.140542   -9.435638  -10.780431  -10.454567  -11.074332   -8.718369  -10.186771   -7.915118   -9.792460   -8.600576  -11.247347   -9.526264
   10.592033    9.164685   10.820802   10.797068    9.598534   11.890751   11.793319   10.555196   10.237727    9.954944   11.117808   10.971868   10.799099   10.641408    8.962911   11.360631    7.154229   11.418830   10.818504   11.492200
  -11.143977  -10.309551   -9.587662   -9.065613  -10.467346  -10.107294   -9.619256  -11.535589   -9.526156   -7.878653   -9.510891  -11.140358   -9.779586   -9.132437  -10.578612   -9.519678  -12.371038  -10.281537   -9.975546   -9.245829
   10.608060  -10.579441    9.282368   -9.049050    7.771443  -10.523330   10.562491  -11.258668   10.409744  -10.961359   10.248226   -9.576354    9.978460   -8.828646    9.362391  -11.796963    8.345287   -9.894268    9.610702  -11.163483
   -7.924770  -11.813765  -10.348626  -10.407477  -10.701233   -9.741983   -8.390788  -10.615956  -11.130687  -10.792131  -10.684905   -9.108507   -9.522369  -11.434122   -9.594816  -11.241479   -9.094806  -10.192575   -9.555661   -9.702985
   -9.606311   10.806185  -10.575884   11.418129   -8.810903    8.786912   -8.952468    9.211597  -10.257257    8.317013   -8.351027    8.231507  -10.270743   10.039307  -10.805163    9.825619  -11.879254   10.184224   -9.015688   10.786959
  -10.293223   11.066534  -10.378475    8.610776  -10.813995    8.933229  -11.336488   11.796633   -9.549661   10.261802  -11.187244   10.133246  -11.186148   10.611730   -9.216838    9.852524   -9.250996   10.966613  -11.728683    8.864191
   11.107453   11.598034    8.892830   11.046998    9.050905   12.017883    9.099156    9.720699   11.581175   10.851569    9.039747   10.821009    8.997362    9.540412   10.799157    9.073181   10.796256   10.047199   11.559203   11.729778
    9.896422   -8.649908    9.250868   -7.730996    9.082436  -10.313422   10.273448  -10.200078   10.048804  -11.000413   10.179402  -10.915300   10.351932   -8.978046    9.023770  -10.650911    7.799351   -9.008702    8.614572  -10.538064
  -10.292089  -11.667781  -10.905537   -7.338536   -9.674425  -10.308989   -9.997641   -9.187633   -9.438593   -9.953340  -11.699288   -9.787196   -9.717163  -12.305777  -10.545924  -10.114403  -10.993244   -8.397827  -10.300214  -11.560628
   10.478304   10.848577   10.193190   11.850459   11.992195    8.955179    9.775584   10.416505    9.433666    9.327288    9.335187   11.512079   10.862587    8.883890   10.001202    9.804313    9.436661   11.160972    8.967465   10.074708
  -10.239555  -10.569478   -9.665234   -9.564840  -10.353752  -10.257102   -9.840208   -8.921754   -9.108681  -10.175200  -10.244092  -10.550234  -10.751940  -11.275393   -8.838022   -9.418368   -9.054221   -8.730199  -10.459681  -11.446672
   11.588228    9.850855    9.746147   10.407826    9.418395   11.649823   10.246392    9.433842   10.028168    9.143183   10.836303    9.593164   12.597339    9.640795    8.276738    9.354319   11.377967   10.719770    9.505899    8.556619
   -9.831891  -10.138510   -8.366611  -10.781298   -8.488925  -10.109326   -9.336543   -9.271523   -9.707934  -10.467500  -11.346495  -10.432242   -9.247130  -10.558063   -9.403309   -9.446679   -9.850253  -11.378874  -10.623829   -8.341454
    9.526891   10.450061    9.397277    9.088442    8.844006   12.360328    9.851761   10.158818   10.808920   10.222436    8.452600    9.436422   12.246544    9.566114   11.313837   10.806985   10.392133    9.356139    9.815410   10.224993
  -10.257373    9.420386  -10.939088    9.659969  -10.170497   10.433330   -9.336548   10.201968  -10.477632   11.142115   -9.308798   10.517444   -8.457617    8.263284  -10.332242   10.803818  -10.312813    8.501711  -11.477029   11.183361
  -11.089013  -11.468680  -10.749455   -9.008459  -10.317464  -10.981359   -9.589315   -7.088843  -10.898236  -10.281305   -9.134719   -8.590723   -9.637244  -10.617538   -9.702263  -11.255273  -10.960552   -9.515859  -10.464954   -8.936727
   11.598042  -11.306241   10.792762  -11.615814    9.958953  -11.660197   10.844761   -9.937893   10.084712  -10.068874    9.140526   -9.039998    9.796349   -8.990131    9.759389  -10.814022    9.413454   -9.670030    8.562316   -7.586886
  -10.528218  -10.895662  -10.816271   -8.442987   -7.929823   -8.629985   -9.039014  -10.901752   -9.244928   -9.920268  -10.656780   -8.780782   -8.621952   -9.681520   -9.592541  -10.005603   -8.476839   -7.789502   -9.295399   -8.735278
    9.455615   10.842653    9.546324   12.198853    9.954137    9.622574   10.479729    9.551391   10.076050   10.662906   10.008141   10.333280    9.131130   12.276443    8.620192    9.370241    9.619083   11.281325    9.589909   11.299277
   -9.086793   10.095350  -12.843772   10.596311  -10.524039   10.477850   -9.618037   10.662802   -9.414055    8.330039  -11.537496    9.208330   -9.573805   11.404697   -8.848325   11.111864   -9.305220   11.213841   -9.285803    9.457568
  -10.276124   10.334672   -9.688925    9.113272  -10.169973   10.234272   -9.008615   11.223854   -8.746301    8.746722  -10.534414   10.543262  -11.078141   10.670852  -10.497180    9.668598   -9.022729    8.402117   -9.133541   10.748120
  -11.502418   10.046645   -8.585346    9.276475  -10.068061    9.376331  -10.008457   10.595116  -10.226134   10.095761  -10.195807    9.765765  -11.254901    9.694262   -8.725250   10.170893  -10.616382   10.356513  -10.330180    9.411478
    9.993043   -9.957865   10.112935  -11.232690   11.553044   -8.836476    9.708262   -9.681505   11.135483  -11.095563   11.023615   -9.132101    8.158411  -10.402072   12.605455   -8.248922    8.434562  -11.269009    8.863206   -9.974450
  -10.793711    9.035505  -10.469185    9.004896   -9.251161    9.545499  -10.075087    8.205474   -9.979096    8.154564   -9.917117   10.725956  -10.016232    9.997904  -10.905444   10.505712  -10.236341   10.258006   -8.653029    9.384298
    9.679725  -10.575658   10.586054  -10.629341    8.399864   -8.269371   11.346473   -9.398109   10.998808   -9.474120    8.825412   -9.809225    8.882052   -7.829525   10.753469  -11.777721   10.156952   -9.732488   10.386630  -10.914148
    9.354941    8.998945    9.768691    9.580421    9.785308   10.697471    8.996302    9.479021    9.565155    9.423032    8.742125   10.247909   11.144678   10.701813   10.282187   10.793072   10.229153    9.793588   10.032623   10.449739
   -8.548844   -9.944230  -11.419135   -9.880020  -10.635673   -9.301393   -9.780374  -11.968660   -8.303461   -9.645441   -9.854831   -9.812011   -9.336471  -10.402754   -9.717771   -8.878319  -11.753215  -10.668345   -9.398740   -9.009968
   11.333864   -9.871783    9.287083  -11.450294   11.667992   -9.428427   11.014672   -9.417626   10.393591  -10.032255   11.703790  -10.933392    9.352831  -10.242564   10.275415  -10.482771   10.152903  -11.167872    9.470078  -10.769426
  -10.134048   10.073954   -9.428330    8.912292  -11.617092   10.047221   -7.866720   11.600329  -11.179179   12.173188   -8.127172   11.739217   -9.575102   10.932203  -10.018652   10.503724   -9.615813   10.335461  -11.369717   11.195447
    9.955267   -9.412772    9.972695  -11.425664    8.524864   -9.159125   11.332793  -11.964330   10.471059   -9.547452   11.265254  -11.419349    8.575859  -10.001942   10.419195   -9.463710    9.391774   -8.989123    8.554507  -10.036859
  -10.884267    9.002010   -9.248083   10.968836  -10.290502    9.673095   -8.527869    9.592064  -10.680094    9.176127   -9.912063    8.982941  -10.291852   11.427818  -10.250822    9.885265  -12.069836    9.434940   -8.394957    9.533020
    9.195854   -9.678229    9.356612   -7.869517   11.190576   -9.330236    8.687222  -10.086650    9.378511   -8.423129   10.280743  -11.277902    9.688923  -10.078302   10.488563   -9.900226    9.924657  -11.102904   10.007229   -9.947851
    9.366376   -9.569287    9.882285  -11.173011    8.995947  -12.380313    9.673956   -7.722306    8.604582  -10.112402   10.307939  -10.057562   10.234224   -9.467804    8.033073   -9.007972   10.540807   -9.377071   10.110106  -10.674752
   10.959513   -9.384710    7.010787   -9.363900   11.771275  -11.446654    8.335481   -9.639491   10.538526   -8.767641   11.291766   -9.723167   10.809922   -8.896368   10.632020  -11.025336    9.009519  -11.000433   10.573225  -11.996571
   11.597296   11.617078    8.787860   10.070422   10.871904   10.125729   10.132080    9.435546   11.841521   10.610493   10.461644   11.921824    7.755215    9.960195    9.498274    8.608875   10.371811    9.628185    9.994545   10.924225
  -11.050345  -10.574914  -12.459387   -9.628436   -9.179044   -9.569958  -10.195656  -10.425136   -9.931282   -8.804984  -11.463704  -10.208057   -8.838940  -10.739924  -10.646498   -9.795864  -10.460902   -8.546085  -10.828530  -10.474817
   -7.887075   10.365336   -9.107095    9.696821  -10.381542   10.133579  -11.359964   11.473626  -10.619930    8.132837   -9.531793    9.388750   -9.189656    8.241756  -10.455811   10.831652   -9.278945    9.875882  -11.944722    8.926863
    9.145386    9.491225    9.639503   11.625777   12.024493   10.755559    9.831509   10.237463   10.013707    8.017323    9.326466   10.519307   11.338059    9.323594   10.433739   11.692893   11.357284    9.624740   12.290016    9.080448
   -9.016286    9.923392  -10.364808    9.850284   -9.740922   11.406339   -8.224096   10.827607   -8.392066    9.620649  -11.462010    9.896110  -10.596140   10.771882  -10.465590   10.592818  -10.716893   10.332417   -8.845802   10.595854
   12.144783  -11.733658    9.849717  -10.000134    9.815440  -12.252648   11.623308   -9.857068   10.224748   -8.962299   10.213472  -10.086158    9.408921   -8.594297    9.915261   -9.774043   10.264646  -10.788929    9.056857   -8.955483
    9.033951  -11.625598    9.536596   -8.727958    9.266039  -11.980660    9.007103  -11.781900    6.575868  -10.083904   10.637679   -8.038876    9.141751   -9.535017   10.804463  -10.316187    9.312873  -10.723302   10.442331  -11.492621
   10.587656    9.313489    9.487643    9.875704   10.211291    8.714634   10.334545    9.846988   10.558968   10.829223    8.644625    9.005106   10.060399   10.359294    8.903181   11.413081   10.371369   12.151240    8.942850    8.456175
   10.189258    9.436503   10.291949   10.783730   10.074552    9.671395    9.993348    9.757387   10.588008    9.067215   10.508480    9.828903   10.388105    9.825059    9.094860    9.081128    9.161327   10.227104   10.891503    9.705022
  -10.327159   -9.596358  -11.343078  -10.398040  -11.479014   -9.981417  -10.039685   -8.959464   -7.154246  -11.313928   -8.085112  -10.398076  -10.389770   -9.889846   -9.789064   -9.801486   -9.716897  -12.949125  -11.118651   -9.668542
   -9.137070   -9.059658  -10.324754  -11.638075   -9.563696  -11.547260   -9.024794   -9.465381  -10.453310  -11.353429  -10.965955   -9.567312   -8.994598   -9.814834   -9.505119   -9.557997   -9.716209   -9.367692   -9.575850   -9.406485
   -9.783182   -9.772670  -10.349040   -8.549047  -10.281195   -9.114152   -8.633837  -12.021344   -9.099554  -10.048044  -10.790877  -10.324725  -11.782557   -9.797487  -10.253041  -11.885939  -10.145255  -10.122291   -8.637221   -9.073368
   -9.394401   -9.640704   -9.586951  -10.883570  -12.398816   -8.258730  -10.611783   -7.931948  -10.646423   -9.562563  -10.370630  -10.203327   -9.440132   -9.100838  -11.922823   -9.439257   -9.396202   -8.596810   -9.858635  -11.035745
   -9.695854    9.545728   -8.932613    9.944765   -8.310303   10.708517  -10.002163   10.843900   -9.678159   11.243437   -8.169924    9.190263   -9.640158    7.874461  -10.377887   10.054421  -10.567128   10.788450   -9.838630    9.348835
   11.054309  -10.352587    9.931990   -9.666057   10.349640  -11.297956    9.778674  -10.273465    8.821029   -9.161245   10.170585   -8.984503    9.299815  -11.430707    9.401075   -9.225352   10.482725  -10.502380   10.259480  -10.554957
   11.475745  -11.115216   10.506416  -10.172307   11.362561   -8.893381   10.706712  -10.074728    9.772275  -11.661863   10.882467  -10.112261    8.789895   -8.789003   10.519790  -11.411905   10.774700   -9.550769   11.264300  -11.505526
    8.057902   -9.813620   10.757161   -9.299192    9.975259   -9.807170   10.492305  -10.667219   10.899327   -9.101558    8.407041  -10.184656    9.770349   -9.276199    9.013680   -7.666124    8.065630   -9.582932   10.952509   -9.417483
    9.493300    8.857353    9.043892   11.681595    8.543350   10.647577    9.870187   11.761843   10.485005    8.955959   12.492230   11.425764   10.515945   10.449440    9.957391   10.639789   10.463815   10.963666    9.064512    8.667716
   11.515893   -9.030071   10.550237  -10.835306    8.483589  -11.218144    8.674601  -10.098650   10.068150   -8.718387    9.892197   -8.038027    9.512798  -10.918810    9.073065   -9.803284   11.632235  -11.623006    9.157379  -12.746673
   -8.868769   10.107424  -10.194200   11.947620   -9.502541   10.202962  -10.821566   10.328829  -10.019343    8.611121  -11.082588    9.887809  -12.538889    8.695458   -9.222334    9.367999   -8.976230   11.140942   -9.141487    9.663528
   -9.713026  -10.302176   -8.676987  -10.219152   -9.462722   -7.890679  -10.921024  -10.647264  -10.007574  -10.655219   -9.686953   -9.445451  -10.224642  -11.864291  -10.315997   -9.345875  -10.961131  -10.470557   -7.696385  -11.224439
    9.101910   -9.438119   10.117586  -10.342940   12.270075  -10.183374    8.723747  -10.640776    9.854220   -9.872063    8.632395   -8.779702    7.366335   -9.037858   10.248891  -10.337084    9.603114   -8.402143   10.296874   -9.738621
  -10.885121    9.150714  -10.148517   10.614662  -11.439622    9.739002  -11.271192   11.092355  -11.005985    9.915417  -10.362800   10.689327   -7.894014    9.009801  -12.641769   12.327758   -9.253001    8.884284  -11.102724   10.125505
   -8.877265   11.859033  -10.970651    9.038207  -11.149963    9.126511   -9.850583   10.315478  -10.884886    9.106048   -9.267562    9.718026  -11.186993    9.519037  -10.570643    9.928239  -10.368151   12.479677   -9.830629   12.472409
   10.063061   -9.359480    9.829322  -10.752328    9.611471  -10.575607   10.146192  -10.081847    9.552314   -7.414519   10.816823   -9.799907    9.991395   -8.965598   11.469847   -9.845746   11.124342   -8.388024    9.260283  -12.240806
    8.582473   10.304317    9.757453    8.912284   10.541644   10.316104   10.445509   10.567682   11.486904   13.055307   10.217078    9.810181   11.358665    9.523910   10.770059   10.814660   11.176032   11.234075    9.944009    9.842678
   -9.978709   10.081423   -8.806485   10.435909   -9.768229   11.676081  -10.401761   10.753685  -10.182226    9.805359  -10.867415   11.205102   -7.428793    8.802739  -11.395796   10.880810   -9.448323   11.329545   -9.003827    9.980492
    8.695249    9.484900    9.926172    9.695378    8.919734    9.963062   10.158344    8.717394   10.420832   10.728704    7.152329   11.797343   11.140721    8.731917   10.638282    8.816360   10.536715    9.198516    9.660629   10.562064
    8.494888   -9.943205   11.979137   -9.107748   10.553092   -9.806067   10.369136  -10.800098    8.582895  -10.867321    9.866545  -10.604783    8.243795   -9.146705    9.164408   -8.655933    9.148043   -7.619904   10.642978   -9.941637
  -11.392253  -10.863348  -10.966149  -11.402215   -9.167585  -10.064369  -11.676015  -10.003067  -10.363884   -9.656178   -9.753576   -9.795863   -9.207503   -8.462948  -11.877655   -9.146981   -9.663526  -10.223067  -10.458018   -9.487956
   -9.636315    8.930624  -10.967141   10.458108   -8.867118    7.796213   -9.673496    7.646327  -10.232983    8.050002  -10.861562    9.983346  -11.403505   11.515195   -9.541106    9.886927  -10.543700   11.138276  -11.406997    8.616025
  -10.713042  -11.321167   -9.698418   -9.887456   -9.737822   -9.536373  -10.014030  -11.547608   -9.562522  -10.238504   -9.664501   -9.503706   -8.854579  -10.389799  -11.355325   -9.768155   -9.450469   -8.251212  -11.082684   -8.199961
    8.131211  -11.711326    9.762208  -11.106758   11.024169   -9.298835    9.578055  -10.076999   11.856855  -11.091795   10.493500   -9.512500   10.193763  -11.458223    8.893046   -8.038923    9.356245  -11.234367    9.870060   -9.440184
    9.626644  -10.512062   10.572766   -9.309212   10.146927  -10.244653   11.011953   -9.055355    8.601772   -9.311514    9.653759  -10.438213    9.883835   -9.691687    9.531950   -8.358752    9.272692  -10.160248   11.772629  -11.277506
   11.032985  -10.564844   10.380048  -10.188004    9.675383  -12.193146    9.028257   -9.051556   11.192626  -10.273381   10.685687  -10.237139   10.491058   -9.723179    8.911911  -10.594706   10.956607  -10.182551    8.802917  -11.468475
  -10.384913  -11.434433   -9.714937   -9.475871  -10.045485   -9.980856   -9.574598   -9.449270  -10.438495   -9.461953   -9.838879  -10.160429  -11.876746  -10.303349   -8.931025   -9.402867   -8.639300  -10.338048  -10.785142  -11.716548
   11.124452    8.336975    9.485404   10.923544   10.694144    9.727273    9.789528    8.553525    9.326248    9.791721   11.393101    9.616413   12.491414    9.783502   10.189257   10.520863   10.042976    9.623965    9.289070    7.769712
   -8.976335  -11.267804   -8.574797  -10.348385   -7.851973  -11.937008  -11.323468  -10.518277   -8.485480  -10.538996   -9.843123   -8.708245   -9.658174  -10.800446  -11.335235   -9.883394  -10.780304  -10.339828   -8.574129  -10.164308
   -9.526302   10.921301  -10.245243   11.069048  -11.402401   10.049282   -7.764515   10.460129  -10.218044   10.855376  -10.220604    8.992568  -10.551680    7.895440   -9.191227   12.144382   -9.326700   10.343296   -9.865757   10.976332
   -9.391939  -10.609422   -9.157715  -10.469178   -9.671140   -9.295710  -11.189652  -11.608593  -10.816469  -10.796898  -11.102991  -10.313973  -10.130670  -10.155735  -10.165381   -9.805738   -8.652361   -9.564064  -10.394486  -10.259903
   10.130241   10.704944    9.071092    7.722512    9.382946    9.479498    9.466908   11.120495   10.450883    9.086037   11.315319   10.772598    9.968736    9.518171   10.701410   11.815288   13.324713    8.195258    9.727035   11.054196
    9.726712  -11.718261    8.446102   -9.297290    9.793444  -10.676227    9.222024  -10.825878    8.761877  -10.094616    7.736296   -9.903515    9.893019   -8.262797   10.860953   -8.940740   11.028769   -9.889786    9.765035  -10.483154
    9.190905   10.952270    9.328844    8.496246    9.410467   10.436111   10.912751    9.792154   10.624779    9.243765    9.486345   10.218644    8.686555    9.644293    9.561786    8.969463   10.516574    9.705479   11.603746   10.653089
   10.829797   -8.237336    9.118133   -8.292012   10.951534   -9.219450   10.650352   -9.591897    9.277145   -8.657411   10.636655   -7.743734   10.435220  -10.548487   11.341897   -9.635638    9.469582  -10.894025    8.375225  -10.624505
    9.211319  -12.201343   10.837201  -11.955619    9.569503   -9.700059    8.424151   -9.980176   10.263238  -11.436111   10.285257   -8.956107    9.557184  -11.516204   10.332959  -11.478118    9.965410   -8.572134   11.413586  -10.917205
   -8.388614  -10.268384  -11.396456  -10.499822   -9.880663  -11.003391   -9.080444   -9.893799  -11.421551  -10.625005   -9.008942   -9.945032   -9.874200  -11.065067   -8.246470   -9.309019   -9.659045   -9.538551   -9.266673   -7.915177
    9.631192  -11.105873    9.098876  -10.044527    8.943494  -11.239507    9.234907  -10.850177    9.073094   -9.717291    9.510643   -9.492508    8.827733  -10.387610    9.241027  -11.202809    9.891964  -12.876042    8.303335   -9.787189
    9.129147   10.888066    9.418793   10.126872    9.663514    9.380028   10.766210    9.202351    9.562089    9.763943   11.113531    8.275767    9.120877   10.428683   10.043838   10.116037    8.012128   11.906024   11.601719    9.117618
   10.791622  -11.415363   11.044343   -9.997208   12.191432   -9.311362   10.960759  -12.245884    7.893617  -10.297444    9.351508  -10.639763    9.048897  -10.261907    9.974919  -10.840707    8.974414  -11.494454    8.735585  -10.788477
   -9.291927   -9.904504  -12.425107  -10.133653   -9.867056  -10.128779   -9.943496  -10.447757   -9.930045  -10.245436   -9.759830   -8.877723  -11.051273   -8.035399  -11.009240  -11.145780   -9.723533   -9.944086  -12.076264  -10.130253
    9.303805   -8.687330   10.556207   -9.513354    9.331471   -9.739274    9.273127   -9.236592   11.185451   -9.764398    8.984529   -9.903203   11.819016  -11.773762    9.261749  -10.487899    9.659015  -10.066300    9.976570   -8.417810
    9.471423    9.779788   10.360352   12.921470   11.181945    8.068506    9.470161   11.777687   10.151994    7.717848    9.084874    9.821164   11.924240   10.444913    9.203339   10.412197   10.132798   10.006107   10.058797    8.902121
   -7.024312  -10.004585  -10.540727  -10.083283  -10.569392  -10.996711   -7.696531  -10.928573  -11.663386  -10.796275   -8.801817  -11.339385   -9.804509   -9.255630   -9.910647  -11.862189  -11.027214   -9.227198   -9.342932   -9.793228
  -10.212195   -9.883522  -10.509001  -11.232397   -8.527323  -10.328364   -8.514391  -11.717910  -11.729277   -9.976840  -11.992999  -10.161899   -9.612218  -10.530609   -9.304816  -10.686679  -10.549367  -11.245855   -8.966632   -9.278894
  -11.191460  -10.731592   -8.438109  -11.230459   -9.700061  -11.371269   -9.647410   -9.311076  -11.309041   -8.803442  -12.552887  -10.750061  -10.753639   -9.593946   -9.548988   -8.390520  -10.590068   -7.847133  -10.577685  -10.292714
   10.526830    9.423334   10.997227    9.337734    7.911216   10.580779    9.546879   10.370245   10.469856    8.739777    9.780995    9.117039   11.712297    8.025625    9.834064    9.465405    8.759982   12.416482   12.877549   10.678095
    6.962399   10.915907    9.144332    9.322806   11.449993    8.946947    9.262256   11.761679    9.902097    9.091014    8.395836    9.322257    9.762347    9.617718    9.229301   11.085037    9.745875    9.904984    9.672105    9.290204
   10.003816    8.614897    9.893855    7.436396    8.200904   10.739142   10.960812   10.078525    9.545957    9.707322    8.688422   10.075797   10.501327    7.463480    9.779056   10.517114    9.728717   10.151334   10.972910    9.795200
   11.169591   10.302839   11.487244   10.113778    8.703956   10.366462    9.763071    8.554021   10.255307    8.768580   10.601147    8.630013   10.506708   10.108827   10.879941    9.640764   10.328649   11.167783    9.792020    9.831624
    9.725882    9.762931    9.358234    8.808177    9.964086   10.855565    9.287551   10.146406    8.505621   10.154583    8.281459    8.815981   10.844646   10.652622   10.178075   10.123606   10.213711   10.360928   11.496170    7.810528
   10.770768    8.558638   10.510813   10.927334   11.085254   10.355850    8.886619    9.085000    9.552724   10.993023    8.826959    8.023896    9.857674   10.230107    9.873797    9.263927    8.554756    9.613758    9.741099    9.803958
   10.278322   -8.411073   10.210395   -9.213391   11.524837   -9.022298   11.518941   -9.435749    9.432074   -8.821515    9.101763   -9.516333    9.685404   -9.723952    9.413791  -11.599807    9.426024   -9.591128   10.901330   -8.376878
  -11.566765  -10.696951  -10.319633   -9.463183  -11.716022  -10.254269   -9.874524  -11.778737  -10.326463  -10.235238  -11.564953  -10.256607  -10.638333  -10.024958  -10.755437   -9.962810   -9.498451  -11.514474  -10.864764  -10.663826
    9.617486   10.619648   11.548857   10.093562   10.467078    9.673612    7.370769    9.708173    9.290793    9.751701   12.049317    8.767687    9.666967   10.864139    9.246615   10.237619    9.707582    9.891317   10.009596   11.230870
  -10.163478   -9.934774   -9.071747  -10.393159   -8.751162   -9.033648   -9.481502  -10.122940  -10.795056  -10.180157  -10.134488   -8.578352   -8.119289   -9.147066  -10.011398  -10.431046  -11.542134  -10.546377  -10.521175  -10.934213
  -10.125238   -9.415692  -10.101878   -8.917384  -10.139252   -9.991085   -9.771693  -10.463543   -9.192448  -10.898392   -7.978040   -9.420362   -8.810054  -10.998300  -10.902974   -8.783051  -10.464318   -8.825385  -10.515180   -9.522880
  -12.287916   -9.340620  -11.849230   -9.517831   -9.932676  -10.703778   -9.489268  -10.348756  -10.799385   -9.736750   -8.769148  -11.277846   -8.902958  -12.814278   -9.775493   -9.146835   -9.702624  -10.218052  -10.468658   -8.701241
  -11.818042    9.925187   -9.953496    9.416154   -9.365468   10.297463   -9.108500    9.898152   -9.212884    8.638965   -8.378372   11.384924   -9.240246   10.499164  -10.628613    9.872824  -10.173272   10.887936  -10.047183   10.277923
   11.019516   -9.067518   10.770339   -9.059239   11.324183   -6.712898   11.171021   -8.037977   11.592946   -8.201757    8.813213   -9.565480    9.837251  -11.644337   10.341685  -11.458792   10.207252  -10.538650    8.585178   -9.001928
    7.992595   11.356807    9.802689   11.526148   10.083783    9.690235    9.836956    9.492760   11.582047   10.091093    8.279936    8.768176    9.443519    9.297968    9.135515   10.252106   10.024717    8.068894    9.729408   10.909965
  -10.486745   -9.200795  -11.137447  -10.156643   -9.657550   -9.079691  -10.032624   -9.727532   -9.499818  -11.661900  -10.020407   -7.863449  -10.381365   -9.907188  -11.715081   -8.505055   -9.566571  -11.591409   -9.775857   -9.959655
    9.733322    9.691585    8.721757    8.676356    9.323270   10.433821    8.422677    8.831356   10.118318   11.201344   11.845224    9.824651    8.828536    9.779525   10.239941   10.228397   10.418236    9.599692   10.426684    9.363171
   10.227706  -10.676682   10.069122  -10.334383    9.757422   -7.814376    7.994850   -9.290546    9.149840   -9.422020    8.746998   -9.391786    8.821017  -10.227984    9.678384  -10.015630   11.041528  -10.233979   10.065234   -9.907472
  -12.116323   -9.822914   -9.422413  -10.707665   -9.146999  -10.802057   -9.823851  -11.285368   -7.830610  -11.992029  -10.625013  -10.512535   -9.509915  -10.568591   -9.071732   -8.010300  -10.201406  -10.055238  -11.336437  -10.619792
  -12.020858    9.391177  -11.221450    8.442310  -10.309095    8.396076   -8.292224    9.874614  -11.609837   10.297585   -9.297519    9.260001  -11.258689    9.667570  -10.880035    9.067712  -10.216395   10.808053   -9.310964    9.422096
   11.062560    9.456921    9.399738   10.201832    9.845557   10.181317    9.092482    8.934607    8.735831    7.729442   10.656313   10.406088    9.491217   10.354234   10.821318   11.460889   10.095687   10.731116    9.503264    9.028102
  -11.579190  -10.125427  -10.823982  -11.154780  -11.017592   -9.636502  -10.064679   -9.735063  -10.473287   -8.547455  -10.685334   -9.743221  -10.453450   -9.257351  -11.049141   -9.690069   -8.757683  -10.022833  -10.893904   -8.275313
   10.259221  -10.021669    9.921135   -9.409162    9.962353  -10.487760    9.613125  -10.006458   10.683168  -10.210886   10.385251   -9.843147   10.609998   -9.384420   10.757165  -10.797784   10.044720  -10.836411   10.267208   -9.058486
  -10.271117    9.623903   -9.531475    8.696271  -10.143984   12.204647  -10.315546   11.574908   -9.735570   10.462538   -9.725643   10.984257   -8.264464    9.683832   -9.606377   10.040045   -9.711263   10.274676   -9.918693    9.207990
  -11.018108   -8.392195   -9.608776  -10.104808   -9.741184  -11.357438  -10.778581  -11.589971  -10.879327  -11.122065  -10.352533  -11.547766   -9.340455   -8.742926   -9.956643  -10.033708  -10.602299  -10.356734  -11.141354  -10.665748
   11.259435   10.001223    8.217236    9.952517    9.888043    9.830645   10.496946   10.332856   11.105496    8.381243    9.151415    8.894631    8.977588    7.936095   11.382532   11.788241    8.942294   11.419743   10.676079   10.181816
  -11.395394   -8.536783   -9.887762  -11.103703  -11.654883   -9.910929   -8.653247   -9.843222   -8.119028   -8.638802   -9.509233   -8.829861   -9.844732   -9.862185  -10.814071  -11.084468   -9.211530  -10.752005  -10.673396  -11.533560
    8.933532   -9.894389    8.309728  -11.580538   10.156758  -10.606654    9.393082   -9.780058    8.981235  -11.229757   10.321095  -10.440710    9.292871   -9.762126   11.745708   -9.572678    9.931483  -10.290396   10.335683   -9.883616
    9.332095    9.607856   10.653024   10.588919    8.688041    8.816532    9.724489    9.522825    8.271847    9.502775   10.594092   10.853489    9.855433    9.554925    8.811067   10.339257    9.241232    8.880199    9.566977    9.393897
   -9.367017   -9.943792  -10.068890   -9.715495  -11.364690   -9.889986  -12.039345   -9.446339   -8.318338   -8.939583   -8.961238  -11.504260  -10.758886  -11.220395   -8.184673  -10.400180   -9.353164   -9.402344   -9.771396   -9.825403
   10.332940  -10.461793   11.125346   -7.894475   10.844844  -10.018259    7.645357   -9.754544   10.299596  -10.541036    9.332447   -9.521518   10.548653   -8.986085    8.926255  -10.121490   10.126543  -11.650110   10.571127   -9.899095
    7.811514   10.005080   10.770611    8.958285    8.905349    9.488021   10.918038    9.767258    7.263744    9.009390    9.729166   10.271877   10.150489   11.970544    8.893182   10.603522   11.007282   11.247713    8.925987    9.513634
  -10.457429    9.718636  -11.692433    9.666286   -9.500430    9.948375   -9.611744    9.699887  -11.059627   11.212131  -10.138716    8.603982  -10.281818   10.037735   -8.823354   10.028139  -11.517280    9.916771   -9.323080   10.584962
   11.028927    9.414272   10.167228   11.160373   12.614999    9.679768   10.502489    9.685624    8.888538   10.922712    8.782478    9.538250    9.690910    9.244415    8.571265    8.398320   10.680472   10.573834    8.598495    9.089791
   -9.990013    9.058538   -9.914028   11.272137  -10.173377   10.783792   -9.997572   10.825831   -9.299084    9.170240  -10.758078    9.516123  -10.672913    9.347281   -9.607695   11.018391  -11.146877    9.682983   -8.900843    8.783273
  -10.913406   10.247134  -10.315826    8.966417   -9.583625   10.258071  -10.369359    9.584633  -11.412892    9.122087   -9.348838    9.249399  -11.966117    9.781681   -8.602904   12.282574  -10.029274   10.320334  -10.224967    9.815321
   11.172161   10.056573    9.857665    8.764807    8.200291    9.772924   10.604396    9.832222    9.043063   10.189505   10.514120   10.411829    8.456524    9.909416   10.920580    9.354714   10.982382   11.172790    9.237039   10.327244
    9.519927   10.107101   10.242810    9.070945    9.115945    9.729766    9.487283   10.557727    9.497915    8.669146    9.390471    9.578791   10.168533   10.750244    9.079311    8.586386    8.025913    9.668808   11.158751   11.152929
    8.551969   10.101217    8.551428   10.004203   10.992059   12.062187    8.504543   10.841924    9.320622   11.163794    9.090861   10.071456    9.167441   10.681490   11.156541   11.353526    9.795678   11.041156   10.105061   12.066129
  -10.920789   12.256060  -10.619048   10.654369   -9.599068   10.719404   -9.906468    9.075369  -10.068421    9.206780  -10.962294   10.681871   -9.682154   10.505582  -11.448933    8.878626  -12.273049    8.623816  -10.754806    9.708693
    9.081948   -9.495932   11.242569  -10.677156   10.622271   -9.105151   11.226441  -11.298176   12.214009  -10.508188   10.431593  -10.160883    9.720896   -9.742783   10.964090  -11.269564    9.514083   -9.465735   10.744878  -11.429485
   10.514098    9.461201    9.791992    9.965656    9.832172    9.003005    9.256500   10.070584   10.441711    8.481961    9.221234   10.083989   10.226673    9.879571    7.975674   10.756137    9.795868   10.014847   10.580909    7.845893
  -10.581015  -10.065445  -10.168091  -12.800144   -9.112001  -10.301154   -9.095191  -11.288892  -10.798062  -11.296630   -9.258184  -10.429588  -10.118121   -9.770240   -8.432185  -10.844312   -9.401400  -11.203455  -10.881607  -11.159003
  -10.885700    9.901332   -9.753073    9.235301   -8.033873   10.888161  -10.534645    9.417010   -8.463599    9.012184  -10.845800    9.125943   -8.956494   11.723881  -10.233742   10.294724  -10.052214   10.578297  -10.782057   10.581093
    9.571097    9.623517   10.102673    8.523792   10.126325   10.084567    6.628356    9.931776   10.909970   10.736753    9.856481    8.724062   10.695779    9.765563    9.426289   10.661439    9.958239   10.771586   11.924017   11.762272
   -9.537826  -10.794169  -11.111031  -10.934577  -12.410075   -9.976863   -9.531174  -11.052516  -10.496100  -10.105278   -7.950871   -8.812788   -9.350730  -11.247707  -11.205263   -8.688344  -10.987205   -8.307248   -9.793485   -9.579479
    9.983635   -9.861867    8.873235   -8.242307   10.605540  -10.598104    9.408477   -9.854989    8.761887  -12.078403    7.827180   -9.616504   12.032572   -9.516693    8.992657  -10.923143   10.741758  -10.192522   10.426351   -8.277509
  -10.649220   -9.184563  -11.070798   -8.980137  -12.057326  -10.241161  -11.354241  -10.125485  -12.166208   -7.779512   -9.095080  -10.519135  -11.829930  -12.264108   -9.035653  -11.034407  -10.621347  -10.318942   -9.543031  -10.265351
   -9.020820   10.438587  -11.034651    9.954521  -10.045585    8.299605   -8.460395   10.893537   -8.697241    9.852656   -8.479435    7.063005   -9.865217    9.673419   -9.804098    8.176964  -10.790738    9.496851   -8.742083   11.357663
   10.961919   10.472165   13.302222   10.088885   10.508638   10.658982    9.960104    9.251002    8.449962   10.692053    8.324320    7.766802   10.259922   10.270651    8.799500    8.911937    9.193915   11.111410    9.860014    8.878164
   -8.877318    9.251441  -10.248419   10.922438   -9.690572   10.500890   -8.377518    9.599065  -10.362543   11.626062   -9.102462    8.952538  -10.666231    8.461751   -9.904162   10.785034  -10.154121   10.921736  -11.773439   11.352684
  -10.521874   10.284090   -8.763835   10.966339   -9.398971   10.906309   -7.797234    9.780698  -10.188878   10.728961   -8.947377   10.205616  -10.718724   10.340451  -11.046139    8.564055   -9.799785   10.800578   -9.671866   10.418236
   11.164327   -8.211048   10.503759   -9.047579   10.248617   -9.130454   10.164376   -9.797918    9.684487   -9.836970   10.628055   -9.885638   10.698436   -8.644397   11.051390   -9.951248   11.183851  -12.514818    9.510230  -11.277619
  -10.400754   11.718037   -9.910015    9.699385  -11.203816   10.185320  -10.248084   12.478145   -9.466169   12.880599   -8.715056    9.126674   -9.094133   11.644755  -11.611619    9.868128   -9.625384    9.711999  -10.787734    9.911599
   -9.445234   -9.759264  -10.194650  -10.507570   -9.726536  -11.303452   -9.994666   -8.263659   -8.939238   -9.427418  -11.199507  -10.374275  -12.324394   -8.176779  -10.035545  -11.415969  -10.012892  -10.413180   -9.512871   -9.629803
   -9.398208  -10.413429  -10.557749  -10.021664   -9.112456  -10.060196  -10.352265   -9.093701  -10.121220  -11.088294  -11.249588   -8.049271  -11.082114   -9.397340  -11.460535   -9.599766  -10.316978   -9.607704  -10.372575   -7.542816
   10.656794    9.905608   11.828611    9.333380   10.026132   10.520766   10.924589   10.020445    8.676981    9.672564    9.012928   10.551309    9.418705   10.580576   10.021432   11.435188   10.828285   10.369653   10.007934    9.752677
   10.137362    9.952993    9.861515   10.018980   10.546180   10.211811   10.700874    9.661109   11.327432   11.131982   11.125971   11.167403   10.393278    9.377422   11.361753   10.236112   11.707195   10.357033   10.750020    7.590905
    9.726726  -10.732485    9.428712  -10.104320   11.057041  -10.703231    9.015404  -10.494267   10.904549   -8.638590    8.301762   -9.151418    8.302544  -10.742259   11.238193  -11.078712    9.294648   -9.307255    8.741225  -10.248603
    9.166017   10.161468   10.828444    9.290518    9.609383   10.628649    9.884889    8.995503   10.659477    9.864084    9.822126    7.768800    9.538121    9.132512   10.791023   10.283999   10.690725    8.561440   10.397251    9.291067
   -9.771279    9.810822  -10.085733    9.755407  -11.058690   10.164478   -8.870793    9.034857  -11.961602    9.134008  -10.835117    9.479249  -10.123296   10.621822  -10.189744   10.617315   -9.233564    9.779006  -10.325868   10.605903
  -10.917567   10.065420  -12.337495    9.858068   -8.422458    9.500869  -10.159777    8.632271   -9.406651   11.286900  -11.568402    9.678824  -10.795908    9.213704   -9.735353    9.215155   -7.880853    8.775257  -10.893422   11.942700
   10.662816  -11.508261    8.849416   -9.773735   10.145439   -9.928409   10.664252   -8.884290    9.626987   -8.478313    8.743815   -9.713122   10.180922   -9.241972   10.393784   -9.656425    9.339529  -12.721925    9.264758   -9.046826
  -10.432920    9.023939  -10.942477    8.439681   -8.086842   11.587081  -10.702390   10.753112  -10.485634    9.716481  -11.310881    9.463386   -9.371598    8.650900  -10.650387    8.650958  -11.223033   11.515871  -10.704769   10.628723
   -7.342859  -11.005352  -10.269638  -12.036574   -7.953694  -10.952459   -8.677668   -9.924644  -10.111091   -9.562511  -10.075410  -10.645121  -10.535174   -9.900570   -9.302539  -10.974408  -10.000582  -10.368549   -9.063213  -11.684972
  -10.754304   10.482578   -9.691402    9.164719   -9.914431   12.113766  -10.259265   10.106410  -10.393488    9.851145   -9.989186   10.712167  -10.445762   12.198222  -11.330216   11.308812   -9.176913    9.643429  -10.810612    8.439478
   10.545279  -11.342218    9.544807  -11.442336   11.673062  -10.908341   12.874312  -10.465091   10.131294   -9.652493   10.311003   -9.092892    8.667328  -10.738341   11.778044  -10.013992    9.655725  -10.703957    9.605353   -8.941868
  -10.703296   11.114789  -10.268742    9.279199   -9.388356    7.745282  -10.075218   11.570439  -10.645427    9.011778   -9.724436   10.361372   -9.489832    9.468372  -10.535900    9.627529   -9.685673    9.872887   -8.632645    9.841878
    9.974526    8.191815    9.287099   11.374470   11.761059    9.033956   10.615363   10.113359    9.229053    8.957867    8.784686   10.250213   10.214709   10.301514   10.631579    9.385836   10.441379   11.523469    8.623368    9.956633
   -7.794548  -10.306620   -9.268386  -10.679732  -10.625955  -10.651886  -10.938261  -10.455704   -8.771298   -8.479215  -10.585459  -10.281172   -9.710958   -8.411426  -10.783028  -10.280248   -9.267793  -10.249864   -8.757013  -10.206648
  -10.372421  -10.036841   -8.658266  -11.072440  -10.166764  -10.426209  -10.176379   -9.746343  -11.351652  -10.847938  -11.659124  -10.096255   -8.644737   -9.443238   -8.546434   -9.802843  -11.970719   -9.115619   -9.729176  -10.469130
    9.108704  -10.704229   11.155643   -7.821333   11.295354   -9.154029   10.021775   -9.927584    8.353649  -10.117121   10.065658  -10.550816   10.389667  -11.646138    8.993612   -9.508279   10.710337   -9.895450    9.511950   -9.848663
  -10.881348  -10.166142  -11.043635  -10.679406  -11.012891  -11.609432   -9.002324   -9.092941  -10.501278   -9.854055   -9.938139  -10.695410   -8.699160  -10.294613   -9.008786   -9.186606   -9.882267   -9.081283  -10.116494  -10.305485
  -10.040656   10.748542   -9.731380   10.323831   -9.151118    8.454312   -9.883329    6.861217  -10.825973   11.065455   -8.997459   11.012016   -8.833953    9.529119   -9.919221    9.497432   -9.877243    9.521535  -10.334546    9.010502
   10.720606    9.784263    8.697071    9.752182    9.422058   10.225436   11.354524   11.279232   11.390060   10.062538   10.632318   10.370749   10.526765   10.055104    9.576292    9.440132   11.197304    9.395433    9.363112   10.317786
   10.095496    9.844313    8.920981    8.166040   10.108318    9.838543    9.419568   10.458480   10.260808   12.247802   10.688607   11.403699   12.193623    7.756208   11.828698    9.171370    9.088640    9.490368   10.603399    8.174454
    8.106634   11.422962    9.670518   10.373029    9.968317    8.993859    9.317596    9.933813   10.960928    8.483157    8.827746   10.709459   11.434163   11.995454   10.181080   12.123471   11.703691   10.532066   11.138151    8.631217
   -9.761672    8.676091  -10.440078   10.884575   -8.657225   11.257228   -9.139443    9.036129   -9.005427   10.558050  -10.443948    8.330815   -9.672055    8.056687   -9.833150   11.489113   -7.844069   10.020472  -10.007496    7.929786
    9.300657    9.730209   10.923450   11.228073   10.286909    8.148409    9.670801    9.010653    8.961311    8.972115   11.982244   10.140583    8.723634    9.493329    9.152592   11.142182    8.707729   10.638627   11.196359    9.639990
   -9.654362    7.819667  -11.259463   10.406310   -8.362915   10.988013   -9.648231   10.696436  -10.617913   11.021998   -9.920486    9.652568  -10.148676   10.542453  -10.541897    9.422335  -10.037397    9.140049  -11.028898   10.098791
   10.008776  -10.682033    8.482714  -11.136683   11.275521  -11.100572   10.257569  -10.222624    9.526278  -10.895690   11.658840  -11.943682    8.914879  -11.072493    9.127510  -10.935521    9.613763   -9.339600   12.126345   -9.246219
    9.934381   -9.536730   10.018865   -8.894641   10.506503  -10.292028    8.096705   -9.657989   11.045460   -9.672159   10.357734   -8.616680    9.309962   -9.939644   10.790913   -8.119923    9.566306  -12.091561   10.389414  -10.237901
  -10.806889  -10.681348   -9.734994   -9.077959  -10.224389  -10.109570  -10.496983  -10.788743  -10.648359   -9.230194   -9.227832   -8.012902   -8.934803   -9.121043  -11.077342  -10.824448  -10.778211   -9.806818   -9.328100   -9.042163
  -12.811772   10.805474  -11.178441   11.019841  -10.714242   11.543218   -9.974307   10.147399  -10.326221   10.363438  -11.034330    9.529432  -10.778967    9.818243  -10.449438   11.061931  -11.481678   11.266923  -11.086470   10.771271
   11.596434   10.013789   10.828217    9.698546    9.727993   10.552072   10.860918   10.404299   11.474230   10.704276   10.809778    9.486139    9.253670   10.436931   12.257096    8.583535   10.230687    9.891284    9.515851   10.142321
   10.898715   10.271778    9.293927    8.773859   10.261727   10.074974    9.859724   11.807520    9.179660   10.262009    9.101505    9.997416    8.584242   10.850138    9.149939   10.421121    9.431109    9.938319   11.493022    9.547885
  -10.604627   10.801265   -9.334691   11.147042   -9.366802    9.495266   -8.663260   12.037913  -10.980212   10.319886   -8.821917    8.678865   -7.480994    8.949807  -10.742767   11.323392  -11.000878   10.170451  -10.056099    9.898361
    9.384643    9.974805    9.659968   10.576190   10.319597    9.203557   11.821042    9.572386   10.387218   11.003428    9.569227   10.301320    9.693486    9.201017    9.100054   10.276724    9.068230    9.885532    9.543665   11.152814
   10.601018    9.265204    8.595646   11.521166    8.994994    9.571895    9.959358   10.088735    9.072600    9.637661   11.045531    7.778547    9.410876    8.147703   11.201194   10.457743   10.754363   10.091201   10.064785    9.451742
    9.557933    9.628427   10.151321    9.674541    9.574080   11.105349   11.036197    9.230418   11.005917   10.444856    9.958284   11.147216   10.769769   10.435092    9.386297   10.442596    8.817015    8.301008   10.231767   11.250617
    8.235646   11.063408   10.352611   12.095423    9.487837    9.958356    9.450900    8.480393    9.093545   10.197433   10.463334    7.471455   10.254129    8.673482   11.182450   10.531456   11.111655   11.010361    7.402563    9.653563
  -10.453978    9.575312   -9.636895    9.263270  -10.125063   11.431769   -8.340716    8.523313  -11.263015    9.599574  -10.688896   10.112338   -9.639516    9.700040   -9.740660   10.209352   -9.520319   10.289118  -10.706832   10.701685
   -9.188650   10.241791   -9.166833    9.883505   -9.697216    9.717645  -11.033349    9.498452   -8.986944   10.262901  -11.823339   11.141781   -9.434521   10.989274   -9.847349   10.251666  -10.922894    8.443535  -10.607973   10.139561
   -9.323962   -7.986804  -10.841549   -9.058492   -8.989680  -10.969285  -11.106935   -7.802906   -8.446879   -9.211225   -9.029951   -9.063850  -11.736527   -9.380877   -9.328108  -10.850018   -9.243770  -12.387397   -9.196667   -8.737299
   -9.038726    8.886559   -8.650214    9.589860  -12.831752    7.245224   -9.301988    9.496846  -10.803286   10.586782  -10.073878   10.719004  -10.524983    9.523168  -10.809889   10.762173  -11.604560   12.259868  -10.479077    8.130457
   -9.556852    9.581670  -10.761444    9.312083   -8.940480   11.646117  -10.254365   11.736630   -9.672470   11.399367   -8.934687   11.179890   -9.924463    9.297959   -9.300459    9.055663   -9.254592    9.372713   -9.890185    9.527225
    7.573566  -11.009153   10.157765   -8.497180    9.506453   -8.252918   10.558757   -9.750301    9.955974   -9.906162   10.886133   -9.945808    9.703252   -9.032675    8.791845   -8.888614   10.301519   -9.766866   12.083943  -10.609653
   11.296323   10.250782    9.207206   10.659833   10.278773   11.126173   11.068316    8.665230    9.899905   10.964686    9.794410    8.114849   12.007598   11.598470   10.635612    9.744847    9.101932    9.186162    9.756060   11.005317
  -10.629505   10.764176  -10.695526    9.055076  -10.558936   11.232581   -9.074476   10.203791  -10.785968    9.563186  -10.736255    8.677858   -8.588532    6.732207  -10.151116    7.825448   -9.602354    8.865137  -11.604531   11.423460
    8.414607   -9.640603   11.414624   -9.319517    9.991650  -11.169020   11.659396  -10.485426   10.884788  -10.799072   10.712773   -9.314740   10.227668   -9.807378    9.454796  -10.245376    9.876295  -10.019957    9.729011   -8.808645
   10.555454   10.717999   11.067088   10.405511   11.063807   10.797462   10.510109    8.187229   10.414619   11.579861   10.351317    9.535255    9.716867    9.175204   10.748257   10.446479   10.460318    9.231093    9.564042    9.696583
  -10.387932   12.297065   -8.881081   10.995531  -10.162739    8.970547  -10.855554   10.170231  -11.738454    7.459291  -10.141274   10.726186  -10.895261   11.275409   -8.876196   11.177507   -9.966544    9.709095   -7.826730    9.750974
    7.231162   -9.248080    8.010760  -10.402086    8.864326  -10.128179   11.913625  -11.003823   11.304083  -11.339128    8.703008   -8.495784    9.664052  -12.662927   10.225160   -9.918942    9.183721   -9.662433    9.525739   -9.803253
   -8.261623   11.295940  -10.517333    9.878618  -12.576916    7.959558  -10.481273    9.433966  -10.038312    9.718797   -9.846763   11.199435  -10.887246   10.283862   -8.165170    9.962239   -9.923846   11.057506   -9.223028   11.549673
    8.569405   10.814698   10.002949   10.747288    8.733337    9.558327   10.868799    9.347150    9.180390   10.994715   11.477276    9.100259    9.236785   11.462981    9.395710    8.535363    9.979663   10.247020    9.413027   10.897460
   11.562141    9.610282    8.655049   11.337466   11.073027   11.916722   12.111682    8.470362    8.624819    6.346066    8.116285   10.741533   11.462026    9.936760    9.668357    9.182877    9.536932    9.058840    8.441725    9.929164
  -10.758791  -10.441963   -9.708454   -8.656477   -9.620003  -10.847727  -10.298179  -10.418913   -9.373743   -8.848722  -10.191374  -10.123729   -9.964461   -9.978355   -9.182717  -11.573451  -10.590933   -8.924736   -9.085839  -10.642538
    9.554398   -9.573015   11.549378   -9.219232    9.567166   -9.194192   10.979686   -8.660715   10.199176  -10.394785   10.558453  -10.905358    8.499904  -10.814734    9.464371  -10.419053    9.129983  -10.489802   10.974483  -11.373424
   -9.045127  -10.460564   -9.522073  -10.536635   -9.407862  -10.506169   -9.350625  -11.129033  -11.355781   -9.974169  -11.211286   -9.368779   -8.554539  -10.449351   -9.981294   -9.120703  -10.966371   -9.830913   -9.975621  -10.399733
   10.486508   10.210926   10.647972   10.338938   10.828439    9.760205    9.594807    9.586342   10.139661    8.660634   10.418683    9.999266    9.514614   10.628136   10.474815   10.208449    9.797760   10.456162   11.208784    9.659514
    8.816395    9.358374   11.073253   11.274802    9.176969   10.161109    9.868979   11.423231   10.279196   10.450942   11.202250   11.409897   11.821498   11.662065   11.260558    9.692975   11.311100    9.583475    9.811081    9.730969
  -11.054526   -8.942604  -10.141548  -10.384812   -8.705391   -9.904038   -9.182731   -9.126340   -9.829548  -10.551957  -10.193887   -9.141928  -10.097727  -10.642839  -10.932478  -10.282339   -9.146451  -10.697458  -10.342817   -9.351877
   -8.931490    8.656877   -9.756160   11.127762  -10.234514   11.124924  -10.132565    9.799689   -8.871489   11.388210  -10.143663    9.397024   -8.360853   10.136413   -9.865587   10.203597  -10.036966    7.766999  -10.166072   10.159051
  -11.600187   -9.677637   -9.520317   -9.594232  -10.798207   -8.959519  -10.155532   -9.558181  -10.183667   -9.366954  -10.384718  -10.149946  -10.432924   -9.359945   -8.624909  -10.419153   -8.973083   -8.305225   -8.753971  -11.201089
   -9.749788   10.066870  -10.603055   10.892690  -10.375769   10.882413   -9.776425   10.687238  -10.411074   11.180570   -9.385446   10.076911   -9.441083    9.309830  -10.380356    9.591507   -9.698469   11.094358  -10.951794    9.688654
    8.453252   -8.842066    9.461254   -9.421082   10.790872  -10.230372    9.499391  -10.097000    9.610470   -9.889597   10.276601  -10.429435    8.772652   -8.044693   10.449927  -10.250701    9.999687   -9.664817   11.540187  -11.335514
    9.149750  -10.899520    9.409904   -9.004414    8.926412  -11.352609   10.089759  -10.020377   10.764006  -11.794256   11.511727   -9.382585   11.221812  -10.319963   11.234940  -11.492753    9.615921  -12.148061   11.281388   -8.667741
  -10.220331   10.449954  -10.024760    9.789403  -10.334577    9.371521   -9.866194    9.880865  -10.818554    9.913518   -9.782283   11.070487  -10.200167   10.562674   -8.088596    9.832046   -9.210969   11.011625   -9.782264    8.828409
   12.142226   10.068216    8.061521   10.961573   10.448301   10.785693   11.795628    9.669165    9.806472    7.266932    8.982873   10.837807   10.771301    9.436056    9.234230    9.052945   10.806756    9.411420    8.828824    9.610871
   -9.856569  -10.298377  -11.138429  -11.531112  -12.128012   -9.299378   -9.225835  -10.960490   -9.647409   -9.377316   -8.982986  -10.281868  -10.304863  -11.837520  -10.229845  -10.394897   -9.888273   -7.872024   -9.511332  -10.819291
    7.073621   11.109299   11.098077   10.165580    8.569179    9.327798    9.919627    9.660537    8.007583    8.484602   10.896265   10.958202    9.912994    9.010857    9.996194    9.762838   10.644202   10.468461    9.401587    9.280937
   -9.940527   -9.378759   -8.955421  -12.178167   -9.777133  -10.294779  -10.583087  -11.694892  -10.216154   -9.761237  -10.607361   -9.860651   -9.955154   -8.767161   -8.584496   -9.409332   -9.912249   -9.931940   -9.310398   -9.924600
  -10.915092    9.383233   -9.876779    9.994859  -11.041648   10.486207  -11.167186   11.134511  -10.061681   10.691755  -10.343184    9.179984  -10.218385    8.430825  -10.743864    8.493089  -11.369496   11.088352   -9.977440    8.884292
   -9.165698   11.817775  -10.535809    9.668508  -10.524867   10.218379  -10.372214    9.347376   -9.076261   10.741631   -9.986779    8.838191   -9.182733   10.945729  -10.819207    9.421087   -9.734627    8.814912  -12.479548   10.639111
  -11.746534  -10.687911  -10.534592   -9.349699  -10.067188   -9.672379  -10.414474   -9.303211   -8.869455  -10.313250   -8.792761   -9.785276   -8.535446  -10.980728  -11.217552   -9.882551  -10.776386   -9.773297   -9.025194  -10.397700
   10.154174   -8.463837   10.095665   -9.959101    9.746350   -9.630273    9.784169   -8.980876    8.514239   -8.756194   10.600090   -8.816949   10.262177   -9.434775   10.142177  -11.181999    9.573746  -11.014266    9.884930  -11.446260
   10.175318   10.742214   11.177608    8.834368   11.495165   11.217566    9.181545    9.025535    9.339933   10.038466    9.511554   11.430862    9.003141   11.075844   10.291278   10.895730    9.105802    9.697843   10.720362   10.530782
  -10.407538  -10.765181  -10.329238  -10.638662   -9.808498   -8.012380   -9.314783  -10.202718  -10.085278  -10.412568   -9.397651  -11.381629  -10.476442  -10.021827   -8.806829   -9.705304  -10.153307   -9.271977   -7.383085  -11.031919
   -9.369715    7.216248   -9.099323   10.565160  -10.047420   10.169975  -10.050310    9.290539  -10.303909   10.556793  -11.278855   11.145996   -9.874716   11.826461   -9.340674    9.895866  -10.157500    9.244993   -8.943568   10.370558
    9.864159   11.166366   10.805636   11.033649   12.035495   10.336915    7.358819    9.525809   11.219161    9.144592    9.478562   11.492431    9.779474   10.693252   10.261904   10.241542   10.013562   10.793503    8.562424    9.241963
  -11.187765   -8.677268  -10.114155  -10.644929  -10.110418   -8.736121   -9.493051  -11.405242  -10.671421  -11.334029   -9.674425   -9.971206  -10.117234   -9.342475   -9.481498   -9.329780   -8.601698   -9.985895  -10.907007  -11.273525
   -9.265120   -9.787028  -10.966677   -9.284915   -9.749507  -10.900299   -9.883913  -11.704537  -10.191205  -10.034166   -9.981652   -9.383602   -9.304342   -9.208044  -10.055603  -11.862449   -8.801813   -9.802710   -9.126109  -10.244724
    9.901124   10.209939   10.625371    9.521232   10.715185    9.962755    9.638575   11.454000   10.846124   11.164755    9.848956    8.824431    9.041237   10.929360    8.209937    7.712118    9.310995   11.177719   10.593878   10.956845
   10.523380    7.748085    9.323515    8.770005   11.099016    8.301893    8.410851    9.563692   10.327946    9.158170    9.894310    8.813503   10.375409   10.018522    9.510111   10.092032   10.753025   10.858860   10.486904    8.171779
  -12.289948   10.229908  -10.493806   10.468774   -9.730338    9.356065   -9.298122    9.448711  -10.719211    9.645098   -8.635991    8.812788   -9.881503    8.918881  -10.380029    8.792160  -10.632136   10.157201  -11.413552    9.417665
   -9.640803    7.156029  -10.794301   11.226976   -9.657216    9.872233  -10.137489    8.816135   -8.788599    9.947548   -8.762360    8.994416   -8.468996    8.731086  -10.330822   10.459260  -10.094100   11.909380  -11.096576    9.930330
  -10.125701   11.301060  -10.489800    9.475843   -9.507793    9.071877   -9.592171    9.818403  -11.016119   10.075364   -8.427097   10.176046  -10.011652    9.300033  -10.845484   10.703464   -9.029573    8.675765  -10.389042    7.891603
    8.663466    9.978705   10.222612   10.133807    9.835443    8.891317   10.367501    9.767883   10.535672    9.026884    9.113351   11.727587    9.774379    9.175604    9.333241    9.637745   11.146860   11.114632   11.181689   10.545533
    8.392745   -9.254181   11.527096  -10.193416    9.460923  -10.594458   10.473461  -10.849161    9.551835  -10.085169    9.303873  -11.640200    9.340379   -9.903337    9.457077  -11.375436   10.227053   -9.337276    9.494256   -8.964237
   10.671438    9.874459    9.007789    9.005628    9.963952   11.594627   10.170787   10.021060    8.935368    8.377401    9.240776   10.387068    9.082506   10.568257   12.505738   10.764644   10.039781    9.677221   11.186541    9.473387
    9.230783  -10.040963   10.410970  -10.628879   11.024991  -10.870754    9.635073  -10.063837   11.309137   -8.618934   10.744792   -8.057104    9.591798   -9.142262    9.942221   -9.348499   11.848039   -9.695715   10.557340   -9.310646
  -11.099378   10.482434  -10.308867   10.863084   -8.755443   10.878023   -7.162901   10.953071   -9.742307   11.153311   -9.709978   10.743162  -10.901273   10.923402  -10.347436   10.586863   -9.942870    9.877205  -10.090135   10.309842
   10.782190   -9.396873   11.355754   -9.625234    9.428943  -10.619328   11.371410  -11.434917    8.140950   -8.838356    9.914685   -8.431871    9.118911   -9.203433   10.875952   -9.635855   10.745957  -10.285841   11.736973   -8.792349
    9.545380   -9.831248    9.745911   -9.137927   11.514474   -9.240346    9.594558   -9.173905   11.497272  -10.276290   10.037359   -8.905512    9.685392  -10.492468    9.868965   -9.413195    9.647075  -11.018019   10.247372  -10.773522
    8.170675   -9.418686    8.196163  -11.774518   11.213162   -7.988451   11.754147   -8.858153   10.701266   -9.306383   10.142993   -9.856533    9.205297  -11.452778    9.714832   -9.527093    8.289383   -9.946479    9.682282  -10.464418
    9.242268   11.465236    9.531153    9.385247    8.565229    9.961193   10.464793    9.753079   10.471678    9.285392    9.038492    9.513930    8.539139    9.244305    8.014633   10.228597   10.784502    8.741387    9.333667    8.820666
   -9.482457    8.739576  -10.986437    9.853599   -9.188547    9.689723   -8.745444    9.485026  -10.266934   11.627888   -8.854373    9.901532  -10.098547    8.431408   -9.998518    8.192001  -10.885329   11.646881  -11.105056    9.341176
  -11.224250  -10.273055   -9.266837   -9.625270   -9.734471   -8.796339  -10.335609   -9.548990   -9.456840   -9.512081   -8.766059  -11.572333   -9.507880  -10.870797   -8.396979  -11.095093   -8.290906  -10.755843   -8.246379  -11.571458
   10.196034   -8.885240    8.527782  -10.337180    9.573854  -11.349093    9.903945  -11.008573    8.660406  -11.090065   10.259061  -10.038152    9.313164   -9.242555    9.911372   -9.170518   10.211570   -9.805728   11.447142   -9.502603
   10.968103   -9.024896    9.773269   -9.594106   10.423943  -10.565073    9.180348  -10.784480   10.137190   -9.183455    8.833294   -9.821581   10.758011  -10.931418    9.193961   -8.638185    9.751853  -10.499207   11.082165   -9.156168
   -9.606643  -10.212913   -9.633983  -11.710925   -8.483314  -10.065176  -10.365397  -10.212417  -10.627146  -10.934060  -10.624157   -9.566783  -11.991636  -11.386434   -9.625178  -10.593451  -11.719136  -11.876162   -9.170840  -10.032409
    8.429481    9.387049    8.644990    9.613759   10.656948   10.207824    9.243347    9.561874    8.721149   10.120402   10.723276    8.927570    8.177292   10.528376   11.570190   10.699389   11.287164    9.824147    9.172248   12.747995
    9.608746   11.654652    8.291951    9.906167   11.557164    9.610372    8.662309   11.141438   10.082992    9.306339    9.761779    8.348689   11.913027    9.032002   10.186387   11.015771   10.606250   10.935446   10.787154   10.110381
   10.716838    9.902657   10.361615    9.959930   10.012987    9.750368   10.817862    9.330078    8.727316   10.840316   11.064628   11.206362   11.531186    8.200273    8.981239   10.239563   12.018344   10.469019    8.619254   10.503547
    8.323776    7.442252   10.493362    9.045663    9.694123    9.894417    9.171328   10.559883   11.706542    9.981672   10.401497   11.687503    7.700057    9.033675    9.906596    9.366418    9.328873   10.474170    8.819321   10.088191
    9.723111   -9.935688    9.054581   -9.826988    7.725427   -9.046674    9.811660   -8.713948   11.628587  -10.751295   10.342131   -8.256179   10.086711  -10.738780    9.117128  -10.399501   11.880716   -9.830738    9.633661  -11.409365
  -10.874429  -10.999695  -10.189629   -9.236713   -9.348556   -9.799270  -11.242735  -12.186162  -11.445492   -9.823170  -10.391075   -9.154167   -8.153610   -9.868111   -9.260116  -11.130676  -11.253975   -9.786164   -9.251685  -10.682379
    9.336289    9.385785    7.972558    9.882667   10.059409    9.841261   10.743757   10.877291    9.566065   11.747863   10.333083   11.415233   10.633094   10.495194   11.006708   10.292680    8.576992   10.245028    9.336321    9.150392
  -10.831898    9.463022  -11.600789    8.888120   -9.562689   10.579003   -9.011594   12.167468  -10.117673   10.794810   -9.282959    9.123294   -8.952157   10.471923  -10.443309   11.343209  -11.270849   10.446697  -11.114813   10.107398
  -11.472896    9.071072   -9.471025    9.006171  -11.299830    9.746421   -9.751165   10.159623  -10.912903   10.610617   -9.202634    8.561060  -10.444044   11.563502   -8.556305    9.476146   -9.762824    9.786673   -9.779048    9.082698
  -10.154389   10.222094  -10.387795    9.807486   -9.788758   11.858179  -10.034491    8.304852  -11.188767   11.454177   -9.052896    8.451731  -10.002031   10.333279  -10.638785    8.602155   -9.470057    8.732475   -8.633649    9.447162
   -8.426202    9.873509  -10.120688    9.561752  -10.135543    8.022880  -10.402792   10.993206   -9.070205   10.773431   -9.980222   10.997297   -9.808582    8.483651   -9.451947   10.702540  -11.042808    9.998403  -10.309315   10.056534
  -11.832791   -9.533796  -10.343665   -8.996867   -8.252187  -11.152996  -10.690442   -8.851682   -9.516215  -10.445696  -10.578317  -10.826644   -9.536998  -10.075644   -8.904614  -12.132295  -11.616163   -9.760088   -8.732668   -8.261957
   -8.209682    9.076039   -9.715989   11.586018  -10.788918   10.663026   -7.988450    9.582189   -9.564237    9.445354   -9.763451   10.137129   -8.181990    9.922445   -9.609776   10.322600  -11.483766   10.861909  -10.462635    8.298418
  -10.034122    9.356219   -9.095737   10.287671  -11.104454   10.752709  -11.424875   10.088989  -10.215079    9.782981  -10.520570   11.296343   -9.318373    9.369559   -9.670384   11.319357   -9.024393    9.290477   -8.857848    9.670191
    9.477564   -9.815246   10.160294   -9.455263   10.789358   -8.592787    9.447348   -9.932804   10.288647   -8.865360    9.302194  -10.207959   10.607967   -9.995701   10.784742   -8.188239   12.286721  -10.455780   10.339794  -11.126520
  -11.324234   -8.395687  -12.071281   -9.359623  -10.055752  -10.127616   -9.081933   -9.939883  -10.770821  -10.102809   -9.647109   -9.863520  -10.775130  -11.437214  -10.905709   -8.657557   -9.979261  -10.844140   -6.967518  -10.393559
    9.746609    7.635834    8.575325    8.848918   11.981203    9.216122   11.124547   10.165001   10.525769    9.673234   11.038183    8.224196    9.166795   10.231299    9.758875   10.451871    9.744541    9.714670   11.794230    8.624709
   10.429632   -9.733902    8.485220  -10.575007    9.724035  -10.530362   10.827725  -11.212909   10.280301  -10.526125   10.156336   -9.170691   10.197294  -10.970747    8.956561   -9.395699    9.392932  -10.416670   10.136216   -9.111513
  -10.178283    8.885533  -10.131823    8.532555   -8.764669   10.733098  -12.263398    9.229601   -8.487339   10.639628   -8.681568    9.727851   -9.681155   10.585134   -9.420704    8.903740  -10.377612   10.396125  -10.742685    9.555271
    9.869307    9.279106    7.797893   10.784733   10.887509   10.053823   10.128107    9.417743    9.233904    9.329475    7.768224   10.539189   10.338042    9.131902    9.565933    9.166503    9.383620    8.850506    9.969505    9.841343
   -9.381304   10.846643  -10.303822   10.544339   -9.474779    9.765165   -9.799510    9.327864   -9.302349   10.875987   -9.074804    9.572853   -9.696563    8.761935   -9.047558   10.233866   -9.628227    9.491090   -9.845516   10.850667
    9.788043   10.599777    9.951838    9.952953    9.888114   11.258288    8.822977   10.151710    9.272065    8.556061    9.893085   10.115817   11.320683   10.991487   10.802431    8.993388   11.048807    9.549945   10.672172   10.325239
  -10.539676   10.417632   -8.755901   11.093709  -11.307556   10.037810  -10.024647   10.100646   -9.385177   11.083962   -9.739760    9.181005  -10.262470   10.085540  -10.324305    9.182472  -10.935743    9.661160  -10.547735   10.492790
   -9.169881   10.204091  -11.647615   10.027002   -9.257385   11.107879   -8.943124   10.335532  -12.911072    8.995991   -9.529353   11.025835   -8.725770    9.572275  -11.581408    9.365415   -9.491170    9.756848   -8.714980   11.175214
    9.737433   -9.381471   10.383502  -10.669900    9.728985   -8.415711    9.201857   -9.562169   10.127103   -9.409302   10.033571  -10.221938    8.303940   -9.425142   10.320254   -9.370592   11.255142   -9.041812   11.080296  -11.749602
    9.053450   -8.441781    9.864620   -9.229633   10.941620   -9.728526    9.694263   -9.403072    8.967703  -11.648182    8.248970  -10.537850   10.597832   -7.899256    8.592250  -11.322212   11.536035   -9.862604   11.189458   -7.764547
  -10.484863   11.692367  -10.790454    9.238805   -9.093246   10.238903  -10.821013   10.619817  -11.740158    9.252379  -10.251131   10.946216  -11.159238   10.640832  -12.054619    8.705213  -10.737865    9.151198  -10.566869    9.493154
  -10.953854   10.818423   -9.204192   11.258098   -9.643470   10.049953   -8.375977    9.431308   -8.088955   11.744793  -11.228452    9.329049   -9.505775    9.848243   -9.882493    9.520955   -8.328546    9.905529   -9.578454    8.772263
   -9.612655   -9.729414   -9.125407   -8.918114   -9.070743   -9.953998   -9.017987   -9.222699  -10.483776  -10.557489  -11.019101   -9.024672  -10.558305  -10.328617  -10.250229   -8.559519   -8.570526  -10.747606   -9.754549   -7.087619
  -10.627198   -8.103475   -9.213072  -10.309383   -8.958549  -10.193731  -11.692661  -10.590883   -9.123752  -10.221422   -9.770142  -11.758954  -10.764474   -8.827744   -9.568422  -11.279320  -10.459156   -9.826832   -9.853168   -8.971971
  -10.423408    9.076053  -10.308004   10.490168   -9.272050    9.284040  -11.234101    8.335815   -9.311072   11.300607   -9.541424    8.685421  -10.203917    9.521851   -9.690217    9.201360   -9.222815    9.505030  -10.171162    9.860047
    8.668509   10.460549   10.608456    9.265058    9.546589    7.629624   11.779672    8.617367   12.341419    8.011780    9.914545   11.771369   10.029291    9.022205   11.615508   10.451703    8.930749   10.104892    8.789238   10.103161
   -9.713248  -10.987454   -9.280611   -8.442391  -10.485186  -10.341242   -9.455974  -10.204401  -10.239147   -9.329112  -10.897231  -11.472129   -8.892460  -10.643811  -10.047007   -8.289641   -8.961070   -9.766725  -10.252672   -8.866885
   10.597687  -10.900318   10.512771   -9.138685   10.503894  -10.150225   11.208007  -11.271688    9.169411   -9.728091    9.369095  -12.753893    7.711043  -11.676321   10.865681  -10.327611    9.609472   -9.494748    9.625399  -10.321185
  -10.910093   10.924473  -10.355896    9.813813   -9.200784    9.960089   -9.035362   10.219779   -9.381487    9.950752  -11.369431   10.430159   -9.753986    9.923767   -9.842407   11.272917  -10.040347   10.897803   -9.668443   10.813026
  -11.353661  -10.991466  -10.844399  -10.143302   -9.698616   -9.136574  -11.159775   -9.779694  -10.662639   -8.219536   -8.259499   -9.915607  -10.363769   -9.330936  -11.647630  -11.867461  -11.719582   -8.928947   -8.451367  -10.017158
  -10.131601  -10.806734  -10.775791  -11.806630  -11.780048  -10.150761   -9.231723  -11.511554  -10.164511   -9.026263  -10.158542  -10.854910  -11.509050   -8.745634   -9.551847   -8.625462  -10.210537   -9.613344  -10.220848  -10.115576
  -10.818083  -11.454276  -11.853989  -11.475835  -11.270984  -10.669467  -10.206471   -9.450222  -10.829122   -7.201822  -10.539356  -11.893344   -9.349024   -9.033757   -6.917877  -10.036683   -8.517243  -10.874775  -10.294706   -9.542016
  -10.680268   -9.892047   -8.849536  -10.007613   -9.042135  -10.445137  -10.446424   -9.321664   -8.267453  -10.763237  -10.349728   -9.404818   -9.855616  -10.665416  -10.138429   -9.135757  -10.551106  -10.377137   -9.452406   -9.742734
   10.802262   -7.823316   11.655171  -10.697684    9.173819  -11.067148    8.206486   -9.864439    9.739730  -10.557041    7.657330   -8.082194   10.784012   -8.110314   10.816087   -8.851803   10.566982   -9.681839    9.535427   -9.876250
    9.208864    9.204285    9.868238    9.015848    9.041951    9.195031   10.345575    8.161041    9.438204    9.529727    9.741684    9.376063    8.093189   10.952644    9.215034    9.725459    9.820791   11.153453    9.263788    9.256208
    9.072124  -10.646390    9.927404   -9.860479   11.432373   -9.296096   10.382154  -11.040985   10.173798  -11.802601   11.472451   -8.980598    9.276978   -9.059112    9.956548  -10.618891    9.754858  -11.448831   10.250317   -9.744526
   10.146824  -11.902293    9.941824   -9.469662   10.919571   -9.809053    9.515336  -11.976101   11.652451  -10.867202    9.203110  -10.531612   10.031876  -10.006073   10.013579  -11.286701    8.579499   -9.056821   10.025707   -6.969643
   -9.461228   11.270589  -11.115386   10.259590  -10.096448    8.064448  -11.015764    9.457041   -9.645656   10.665334   -9.930145   11.316724  -10.226600   10.134701   -8.919197   11.305721   -9.219745    9.944877   -9.273865    9.996252
  -10.846845   11.140550  -10.056428    8.585659   -8.352156    7.811632   -7.308281    8.098298   -9.451356    9.459807  -10.933325   10.314572   -9.813323   11.431182   -9.462199   10.478495   -9.027804   11.044531   -9.819190   10.401628
    9.594289  -11.451790   10.122063  -10.457153   10.739342   -9.742938   10.006662  -11.314352    9.440600   -9.060650   11.201748   -9.368877   10.967426  -11.016802   11.240570   -9.246345    9.984469  -10.128188    9.066399   -8.052042
    9.908707   10.325869   10.344537   10.585689    9.540162   11.025534   10.119492   11.219737    7.762018    8.850251    9.922555   10.260447   11.208601    9.975703    9.776170   11.447989   10.222033   10.646271    8.666721   11.170628
   -9.886857   -8.587306   -8.920515   -8.867016   -9.771102   -9.900738   -9.909636  -11.279330   -9.125983  -11.074806   -9.439626  -11.324582  -10.653570  -11.655260   -9.715269  -11.238272   -9.490701  -10.078551   -9.995040   -9.900128
   -9.845060  -10.359001   -9.317580   -9.377123   -9.692916  -10.154238  -10.503581  -10.698789  -12.118777  -10.808515  -11.084281   -9.021079  -12.044065   -9.863652  -10.977047   -9.875996  -10.194610   -9.627877  -10.437895   -9.697771
  -10.043053   10.148266   -8.468368   11.729177  -10.460393    8.144522  -10.803848    9.515381  -10.208756    8.936972   -8.545762   10.457798   -7.478693    8.387781  -10.699919    9.799373  -10.474076    9.472807   -9.135706    9.809436
   -9.802555  -10.869484  -11.574932  -10.969499   -9.159458  -10.087262  -10.670648  -13.176658  -10.289939  -11.143107  -10.902329  -10.182502   -9.741224  -11.495921   -8.716328   -9.507824   -9.402042  -11.594174   -9.438302   -8.628022
    9.540428  -12.100007   10.334000  -10.838206   10.127566  -10.047536   10.320864   -9.906746    9.451190   -9.862041    8.963949   -8.488747    9.254832   -9.928460    9.639571   -8.977488    9.165947  -10.329629   10.402590  -10.354789
    9.102429   10.291040   10.964243   10.303996    9.060451    9.817739    8.387725   10.965906   10.221578   12.404322   10.143744    9.622471    9.306446   10.876603    9.465220    9.408689    9.457943    7.317082    9.766152   10.855596
  -11.170462   -9.206498  -10.378993  -10.103528  -10.627900  -12.095784  -12.692542  -10.544371   -9.703906  -10.130421   -9.717562  -10.401364  -10.414703   -8.727281   -8.937277   -9.708022   -9.703271   -7.657572   -9.235474  -11.704732
  -10.026276  -11.067279  -10.698494  -10.497726  -10.620030   -9.043772   -9.065428   -9.401843   -8.668819  -10.928816  -10.793514   -9.825181  -11.800777   -9.758252  -10.528274   -8.040713  -10.063276   -9.169507   -8.965194  -10.176657
    9.363972   -9.627945    9.023811   -7.939858    8.806697  -10.904988   11.285850   -9.679148    8.421657  -11.613190   10.181825   -9.679290    9.869623  -10.197881    9.247856   -8.965188    8.799104   -9.517950    9.049899  -10.032360
  -10.031899   -9.614931   -9.866136  -10.428056  -10.284932   -9.766729   -9.318394  -11.084945   -8.581350  -10.154311  -10.028392   -8.756780  -10.370591  -10.651955   -9.655401  -11.047400   -8.695888  -10.423003  -10.548074   -9.422422
   -9.294331  -11.497508  -10.048559  -11.549476   -9.329574  -11.228040  -11.695587   -8.594393   -9.317199  -10.344669  -11.346774  -10.794963   -9.747676  -10.663364   -9.649683   -9.518886   -8.697136   -8.816185   -9.451417  -11.287133
   11.605806  -11.809674   11.716703   -8.802104   10.223155   -8.798599   11.542304  -11.394660   11.811367  -11.038465    9.947363  -10.120119    8.555530   -7.787788    9.170170  -10.656964    9.937363   -9.248705   11.681229  -10.224126
   10.332093   -9.529341    9.224025  -11.153658   10.896329  -10.445696    9.102856  -10.983425   10.248249  -11.128718   11.530097   -9.780229    9.198527   -9.889760    9.643300   -9.990044   10.300725  -11.254235   11.104353  -10.511160
   10.563087   -9.196275    9.174826  -11.837605    8.935307   -9.980194    9.413395  -11.089203    9.745061  -10.337949    9.264967  -10.331562   10.409305  -10.439705    9.163192  -10.157532    9.907047  -10.127001    9.735848  -11.803385
   10.597192   -9.728864    9.874820  -10.310565   10.342103  -10.310954    9.439798   -8.323173   10.005811  -10.043002    9.412659  -10.417741    9.313459  -11.595186    8.647222  -11.951669   10.108523  -10.211910    9.409920   -9.241648
  -12.090871   10.155034  -10.129376   10.753623  -10.036186   11.528069   -8.667887    9.743829   -9.932879   10.470995   -8.688042   10.262009  -11.419441   10.395666  -12.834071    9.933798  -11.345695   10.131755  -11.145263    9.048683
    9.681657   11.875512    9.923337   10.640803   10.738110   10.790472   10.433921    8.061583    9.225075    9.684917    9.760117    7.449259   10.249362   10.125978    7.447990    9.120802   10.261899   10.240444    9.747847   10.852833
  -10.986383  -11.401343   -9.858266  -10.308190   -6.920917  -11.114843  -10.208261  -11.670271  -11.786037   -8.838128  -10.438094  -10.838124  -10.016135   -8.816992   -9.807495   -9.164385   -8.157476  -11.113323  -10.827818  -10.257462
    9.448355   11.014924    8.567634    8.362805   10.660587   11.077913   11.680119    8.940952   10.035991    9.700143   10.384897    9.878281    9.482266    9.906929   10.196462    9.980607   10.822483   10.307876    9.268503   10.536118
    9.217501  -10.906745    8.891793  -10.884120    9.584936   -9.501936   10.556872   -9.865207   11.476801  -10.008768   11.018489  -11.613091   10.849548  -12.285553    9.956578  -11.944817   11.352559  -11.494219    9.206189  -10.003940
   -9.612563  -10.964366  -12.274084   -9.286457  -10.269304  -10.739942  -10.394996   -9.947923  -10.207500  -11.101620  -11.032456  -10.327769  -11.279019   -9.092020  -10.907670  -11.738147   -8.075160   -9.044014   -8.208596  -11.561040
   -9.268362   11.116723   -9.801328    7.531749   -9.261511    9.640175   -8.404455    9.261657   -9.746274   10.461227  -10.242161   10.168712  -10.610129   10.807963  -11.507497   10.416448   -7.906449    9.430368  -10.575871   10.773522
    9.741534    8.236533   10.917648    8.730391   10.043050    9.855456    9.420467   11.895442    8.750470    9.611878    8.020661    9.504047   11.186655   10.401948    8.087357   10.466969   12.529478    9.827341   11.854507    7.851702
   11.847873   -9.343090   10.470122   -9.741305   10.575595   -9.145914   10.573119  -11.147412    8.505630  -10.545172    9.815101  -10.985696    8.499679   -8.888626   10.858894   -8.905392    9.756844  -11.539436   11.707403   -9.516143
    9.465071   -9.721798    9.505607   -9.143743    9.286700   -9.549064    9.717953   -9.936003   11.147198   -9.432523   11.771250  -11.775009   10.824844  -10.838702    8.681561  -10.002412   10.562010  -10.290087   10.443464   -9.537349
    9.376305   -8.069290    9.848624   -8.018876   10.828445   -9.399257    9.984710  -10.491321    9.771808   -9.355130    9.189771  -10.955918   10.812170   -9.592719   10.113955  -10.049028   10.611764   -8.603853   10.354595   -8.081033
   -7.513395  -10.045605   -9.920293  -10.746445   -9.270225  -11.259830  -10.242619  -10.085656   -8.706521  -11.431136  -11.577776   -8.852353  -10.926201  -11.523525   -8.826859   -7.668325   -9.734718   -9.286142   -9.780199   -9.766340
   -9.140794   10.087445   -9.367979    8.630337  -11.487189    9.178835   -8.708322   12.930210  -10.713573    8.761108   -9.973962   10.118005  -11.168857   11.079063  -11.848084   10.847938  -12.038310   11.917547  -10.175895   10.338759
   -9.526693   -9.591314  -11.135055  -11.448426  -10.261328   -8.951435  -10.200475  -11.107658  -10.078453  -10.139734  -10.371924  -12.651375  -11.204168   -9.272828  -10.086053   -8.892205   -8.817803  -11.000081   -9.945141   -9.445225
   -8.390266    9.304413  -10.761319   11.932737   -9.741795   11.856754  -11.235656    8.107611  -10.186199    9.517850   -9.597328    9.074259  -10.864237    7.520922   -9.843553    8.628357   -9.199219    8.124930  -10.082035    8.585477
   10.724832   -8.938062   11.638763  -12.318688    9.452779  -10.599511   10.046265   -9.796551   10.730454  -12.276519    9.793053   -9.877391    9.133821  -11.156051    8.962538   -9.921416    9.667345  -10.075665    8.946503   -9.622177
   11.011700   -9.500359   10.593115  -12.117510    8.735515  -10.613921   10.937460   -9.925244   10.149067  -10.882915    9.757623  -11.697708    9.969691   -9.473466    9.710279  -11.302561   10.693944   -9.817641    9.363772   -8.995314
  -11.611184   10.139857  -10.741751   10.079067  -10.449473    9.642921   -9.469739   10.182225   -9.154862    9.964569   -9.764613    9.213790   -9.485407   11.394550  -10.067192   10.709648  -10.706297    7.911057  -10.579941   10.172446
   -8.782561  -10.221191  -10.866707   -8.927929   -8.443617  -10.613114  -10.030887  -11.327418   -9.078603  -10.903629   -8.910754  -10.151771  -10.934873   -9.487457  -10.475197  -10.069336   -9.558506   -8.666265  -10.035986  -11.790348
   10.498998   11.136487   10.226559    8.337173    8.542793   10.296621    9.715798   10.048741   10.187091   10.687389   10.607642    8.498573   10.120479   10.725968   11.443112   10.317917   10.017702   11.848215    9.507680    8.511057
  -10.591686   -9.214438  -10.421999  -11.196170  -10.598466  -10.843525   -9.435345  -10.716190   -9.935433   -9.977939  -10.447782  -11.607313   -8.290874  -10.876127   -7.831581   -9.677950  -10.613182  -10.475156   -9.503260  -10.742544
    9.027098   10.830086   10.952938   12.821009    9.611092   10.598657   10.517194    9.162050    9.944308   11.049343   11.414378   11.287582   12.800279    8.226680    8.827333   10.532149    8.839625    9.408112    8.278406    9.198403
  -10.122794    9.760212   -9.309297    9.291701  -10.616934   11.283337  -10.960427    9.752678  -10.167033   10.817623   -9.856607    8.356575   -9.109464    8.614369  -11.315688   10.684756  -11.301493   10.292227   -8.562098    8.903653
  -10.296835   10.294262  -10.546210   11.216742   -9.061284   10.378112   -9.964544    8.441353   -9.360857   10.172841   -9.502284   10.400756   -9.876368   10.659811   -7.498345   11.856812   -7.552978    9.376371   -9.802577   11.247572
    9.556640  -10.211992   10.356795   -9.574732   11.223048  -10.022802   10.165682  -11.008300    9.281632  -10.072077    9.932583  -10.755339   11.394147   -9.683631   10.856518   -7.880763    9.747147  -12.048335    9.127976   -8.743823
   -9.806104   10.904250   -9.642237    9.293152  -10.141547    8.726073   -9.355876    9.057447  -11.367566   10.531522  -10.254482    8.280158   -9.642936   10.151118   -9.582009   10.375997  -10.802523   10.374984   -8.175068   11.187552
   -9.530108   11.326953   -9.528057    9.398769   -9.383614    8.970474  -12.356945   11.163540   -9.632633   10.429295  -10.292874    9.625316  -10.132526    9.033126   -9.689920    9.569358   -9.899950    9.913356   -8.456025   10.916271
  -10.899929  -10.530040   -9.706210  -10.811727   -9.987726   -9.122621   -7.363114  -11.680936  -10.550038  -10.104555  -10.078755  -10.631747   -8.620347   -9.479502   -9.706631  -10.151820  -10.053994  -12.264371  -10.378373  -10.926305
  -10.413532   10.350227   -8.838242   10.277327  -10.461308    9.357304  -11.510585   10.139854  -10.616066   11.136204  -11.283562    8.542333  -10.003247   12.079993  -12.269962   10.589953  -12.058805   10.927563  -10.920527   11.358410
   11.544954  -11.406260   10.880289  -10.025208    9.699173  -10.122732   11.903604  -11.193767    8.812311   -9.694631   11.205858   -9.062455   10.260710  -11.418995    8.296129   -8.703288    9.819244   -9.833708   11.041326   -9.171301
    8.085894    9.371585   10.418606   12.269173   11.760090   10.379559   11.303885   10.467466   11.243394    9.176091    9.719265    8.035352   10.285905    9.406649   12.154773    9.166576   11.353153    8.505687    9.646046   10.053322
   -8.698776  -10.788234  -11.143926   -8.023338   -9.191797  -10.267268  -10.049508   -9.908552   -9.053057  -10.982859  -10.172342  -10.069504   -8.617723   -9.964675   -9.943570   -9.080211   -9.569551  -12.120388  -10.613184  -11.121359
    9.125152   -9.949354    8.408125   -9.483431   10.825475  -10.907107    9.873339   -9.022205   10.170659   -9.407940   10.172159   -8.993033    8.843274   -9.059469   10.129174  -10.875158    9.733508   -9.021577    7.547323  -11.343808
  -10.408407  -10.644295   -9.738639   -8.308756   -9.831690  -11.926121   -9.907757  -10.454320  -10.421146  -10.501813   -9.910781   -9.149001   -8.934805  -10.040335  -10.107738  -10.711970   -9.029734  -11.874080   -9.094277   -9.892436
  -10.459095  -10.579266   -8.587955   -8.729794  -10.921636  -10.907770  -10.610615  -10.404337  -11.808691   -9.303278   -8.447048   -8.298072  -10.592576  -10.236515  -10.425956  -11.851912  -11.218419  -10.075591   -8.816076  -11.746307
   -9.975009    8.455055   -9.861832   10.546410   -8.766270   11.158766   -9.713607   10.818863  -11.134949    9.407922  -10.086743   10.235080   -9.007516   10.172549  -10.837241   10.610856  -10.028022   10.220378  -10.666349   12.085462
   -9.930796   10.220479   -8.577776   10.323771  -10.580155   10.422907   -8.823275    8.709192   -9.095850    9.740995  -10.519248    9.446727   -8.807320    9.487122   -9.219811    9.867585   -8.546122   11.157926   -9.755200    9.232655
    9.500841  -10.357094   10.503444  -10.178134   10.796271   -9.323700   10.783755   -8.104948   10.859660  -10.444779    9.229824  -12.486681   10.177522   -9.926864    8.964209   -8.993520    9.527095  -10.882037   12.347712   -9.414026
    9.507651   -8.248768    8.871387  -10.729210    9.384874  -11.132354    8.809484   -8.255323    9.106868   -9.846960   10.520019  -10.210130   11.093427  -10.256877   10.696698  -10.487401   10.413138  -11.681459    9.201212  -10.962179
   -7.763371  -10.884266  -10.792722  -10.967545  -10.338111  -10.004694   -8.721482  -10.886472   -9.928261  -10.146172  -10.322415  -10.591380   -9.906266   -8.643836   -9.677272   -8.759749   -8.770568  -10.531357   -8.182583   -9.769961
   11.767024   -9.107249    9.190352  -10.496410   10.387785  -10.474217    9.982486  -11.537004   10.494120  -10.293241    9.648628  -10.291133    9.700707   -8.996305    9.200991   -9.621455    8.400513   -9.985726   10.794469   -9.716910
   -8.096877  -10.270110  -10.213215   -8.449762  -11.898070   -9.908851  -10.747569   -9.382961  -11.473041   -9.416152  -10.515322  -10.309037  -10.518883  -10.077031   -9.859580  -11.351514  -11.673493   -9.985795   -9.425289   -9.841239
   10.536781  -10.466461    8.932731   -9.432829   12.296323   -9.192439   10.809647  -10.173756   10.286724  -11.117587    9.662105   -9.155616    9.866812   -9.426895   10.655639   -9.666952   10.875697  -11.594317    9.850365   -9.413174
   -8.662334   -9.486227   -9.441040  -10.294603  -11.561940   -9.522127   -9.878177   -9.304605  -11.261244  -11.492560  -12.041778  -10.073818  -12.361804  -10.417235   -9.076742   -8.636158   -9.696719   -9.879680  -10.170606  -10.533096
  -11.201697  -10.532992   -9.504803  -10.020151   -9.100278   -9.244434  -10.303781   -8.481671   -9.904540   -9.872839  -13.216729   -8.583219   -8.659437   -9.167740  -11.051813  -10.824059   -9.654107  -10.020783  -10.226899   -9.965936
