    9.660624   12.345513   10.558509   11.676937   10.344170
    9.856388  -10.418910    8.244776  -12.468972    9.956851
   -8.802954   11.728804  -10.605846    9.609038   -8.555025
   -8.633406  -11.319121  -10.647404  -10.421388  -10.566157
  -10.142497  -10.395438   -9.229947   -8.602370  -10.927647
   11.181389   -9.158850   10.108983   -9.901019   10.880497
    9.624278    8.390996   10.742383   10.169663    9.006027
  -10.186056    9.391725   -9.707819   10.268791  -11.211327
   10.840302    8.738650   10.265903    9.346259    9.542398
   10.090088    9.186785    9.857901    9.214651    9.256922
   -8.197070    8.464164   -8.927437   11.930770  -12.110176
   -8.721474   11.853115   -9.513600   11.233428  -10.230964
  -11.732825  -10.358892   -9.209213  -10.132120   -8.655081
  -10.882046    9.452960  -11.470136   10.817670   -9.680533
   10.439127    9.862091    8.057466    9.750539    9.964624
    7.432431   -9.869252    8.985760  -10.428286   11.358570
   10.321532    9.677100    9.835471    9.411220    9.657256
   10.719601   -9.724270    7.764688  -12.029457   10.948497
   10.498811   -9.807791   10.038159   -8.446531    8.854188
   -7.947545   -9.788747  -12.785739   -9.463951   -8.626372
   10.938627    8.647733   10.278528    8.304668   10.454247
    8.027252  -11.163956   11.386195  -10.874435    8.563829
   11.298617   -8.479502    9.215662  -10.083855   10.699086
  -10.149531   11.103781   -8.540152   10.055096   -9.878549
   -9.924533   -9.752943  -10.508020   -9.653320  -10.319512
   -9.917073   11.193129  -10.348621   10.437320  -10.185542
   10.568026  -10.754122    9.477429  -12.404378    9.783514
   10.200760    8.812816    9.417335   10.360821   10.672169
   -7.759225   -9.345784   -9.900129   -9.720544   -8.735037
    9.089543  -12.171315    9.729025  -10.411797    7.846319
  -10.569655   10.689467  -10.017508   10.767880  -11.012333
    8.816650  -10.006632    9.444968   -9.884553   10.692718
  -10.854542  -11.431038  -10.655453  -10.572737   -9.647491
   10.258758   10.678339    9.750426   10.085858    8.250663
   10.307564   11.485859    8.999522   10.717841   10.596493
  -10.125510  -10.525085   -9.641990   -8.960316  -10.453507
   10.277492   11.723555   10.209567    9.751520   11.822799
   -7.369111   10.477821  -10.015115    8.607035  -10.849693
   -8.811490   10.346906  -10.644632    9.343244   -9.364294
   -8.822459   10.163091   -9.483228    9.050012   -9.905410
   10.444697    9.623847    7.797911   10.078443   10.737909
    8.789851    9.964941   12.367109   10.301434   10.693963
   -8.439679   11.490072  -10.798612    8.689316   -9.689948
  -10.450376   -9.711945   -9.985619   -9.142661   -8.850057
   -9.655006  -11.535163  -10.043412  -11.075157  -11.430799
   -7.978051    9.709061   -8.951259   11.371870   -9.988667
   12.810254   -8.410883    9.259231  -10.363736   11.111110
   -9.381419  -10.297389  -11.305446  -11.095396   -8.710857
   -9.999495   -9.053612  -11.684999  -10.132943  -10.869134
  -11.711730   -9.465732   -8.073191  -11.087566  -11.535304
    9.138524  -10.752906   10.214217   -8.068424    8.096346
  -10.284867   11.293626   -9.914191    9.537060   -9.568561
   -8.870600    9.839219  -10.233866    9.794366   -9.920880
    8.466072    8.549319    9.640121   10.548023    9.925319
  -10.119396    9.601567  -12.476832    9.026843   -9.916324
   -8.718922   10.294172  -11.880062    9.782379   -7.491862
  -12.137320   10.431946  -10.079637   10.880194   -9.966412
  -10.219090   -9.445768   -8.954300   -8.320110  -11.391640
    9.006245  -10.598173    8.384145  -10.269749    9.755770
  -10.646476  -11.726558  -10.758781  -10.370014   -9.979281
   12.066205   12.154114    9.966919    9.806955   10.729655
   11.425598   11.946630   10.218661    8.895256   10.727360
   11.779111   10.804353   10.648021   12.274351   10.987837
    9.795376   10.255861   11.062758    8.908821    9.110188
   10.749250    9.860428   10.371686   11.538423   11.124448
   -9.538222    8.532077   -9.196005   10.490892  -10.389271
    9.301885   10.444752   10.236612   11.559245   10.752201
   11.662172  -10.549597    9.545808   -8.669940   10.190657
   10.270040  -10.058476   10.544036  -10.691986   10.035705
   -9.029556    8.836484  -10.566628    8.800716  -11.108643
    9.768711  -10.023165    9.853295   -9.169435   10.955072
   11.420423  -10.360535   10.067491  -10.151319   10.311931
   10.699950   10.316622   10.378701   10.451564   10.225012
    9.962552  -10.840773    9.985577  -10.451137   10.205733
  -10.052824   10.155185   -9.065390   10.582657  -10.870579
   10.651582  -10.722082    9.256895   -8.537382    8.883987
   -9.891357    9.238017  -11.294133   11.261983  -11.769930
  -11.654452   12.410828  -10.065035    9.594983  -11.459058
    9.703992   -9.262233    6.923584   -9.791228   10.646674
  -12.749702  -10.492831  -10.962595  -10.357950  -12.178584
    9.922671   10.295177   10.009152    9.934886   11.261164
   11.229772   -9.948476   10.440810  -11.066710   10.810023
   10.116823    9.184334   10.279854    9.303757    9.875708
  -10.375907   -9.632892  -10.788707   -9.511817   -9.336324
  -11.227585   -9.731607  -11.583898  -11.858597  -10.357655
   -9.010302  -10.292115   -9.931175  -10.870539   -9.364745
    9.459426   -9.476190    8.585793   -9.475972    9.517055
  -11.177902    9.912941   -8.281748    9.267965  -10.567114
   10.541885   -8.820622    9.447719   -8.549064    8.582659
   -9.800130  -10.148068  -10.350677  -10.000633  -10.396289
    9.964502   10.263565    8.836654    9.576727   10.458824
   -8.836971    9.833205  -11.424429   11.996772   -9.513664
   10.210852   -8.828278    9.976165   -9.296623    9.485252
   10.534914  -11.526114   10.911361   -8.276392   10.337858
  -11.576973  -10.276643  -10.086577  -10.755008  -11.811289
  -10.277997   11.216366   -9.378821   10.530926   -8.722987
  -10.860033   -9.688088   -9.093354  -10.076138   -9.246623
    9.392850    8.835221   10.525248    9.887607    8.630771
  -11.569858    9.657281   -9.021081    9.658089   -9.431037
  -10.158686   10.733288   -9.566252    8.562771  -11.174754
  -10.363670  -10.005033  -12.027332  -10.759502  -10.138059
   -9.099441    9.334243  -10.311991   10.133615   -8.941160
   -9.039280    8.941991  -10.888316    8.891605  -10.508286
  -10.380795   -9.638871  -10.009736   -9.670418  -10.564831
    8.916228   -8.664676    9.595315   -9.168203   10.701996
    8.830549    9.202752   10.961161    9.415869   11.408823
   -9.394519    8.983286  -10.263213   11.197661   -8.472626
  -11.185808  -11.886424   -9.838148   -9.186173  -10.356105
    8.935879  -11.102588   10.341924  -10.651049   10.211646
    8.938883   -9.067972   10.133780  -10.616840   11.544773
  -10.265545   -9.481878   -9.821895  -10.115845   -9.695308
   -8.987243  -11.424120  -10.087958   -9.491212   -8.890620
   -8.867266    9.401696  -11.087819    9.337898  -10.864727
   10.941770    9.544635    9.184100    8.652297   12.497690
  -10.162598    8.934648   -9.928991    8.515938   -8.031381
  -10.286326    8.981839  -10.461896   10.660621  -10.548649
    9.352891    9.343753    8.573317   10.786242   10.554010
   -8.535713   -9.070657   -8.131757   -8.977088  -11.213254
   -8.756386    9.198165  -11.195871   10.894007  -11.265843
  -10.069358   -9.755198   -9.568115   -9.966707   -9.623570
   -9.252443  -10.793677  -10.668781   -9.461619   -9.645277
  -10.177983   11.690143   -9.504111   10.620868  -10.020183
   10.822804    8.778270   10.542557    8.237927    8.179949
    9.629285   10.173016   10.761396    8.913140    8.104972
   10.586147  -11.136946   10.516403  -10.790575    9.454155
   -8.937202  -10.327050  -11.094881  -11.819603  -10.810100
    9.783126    8.136532   11.027628   11.903333   10.987957
  -11.775377  -10.504868  -10.534210   -7.883341   -9.987820
   -9.785786  -11.410231   -9.782653   -9.238082   -9.094380
   11.696917   -9.759809    9.981811  -10.205750   10.633834
    9.904712  -10.528527    9.699038   -7.822376    9.872304
   11.087572  -10.782659    9.678095  -10.983149   11.135936
    8.256846   10.504615    8.873032   10.609788    9.206980
    9.694925  -10.350961   10.614129   -8.665117    9.009228
   11.092494  -10.474739    9.429889   -8.785953   11.554893
   -9.739258    9.313534   -9.314417   11.170533   -9.669137
  -10.200881   -9.454053  -10.620259   -9.280211  -11.204946
   -9.852125  -12.038587  -11.186003   -8.821951   -9.124500
   11.407443   10.792660   10.889919    9.868556   10.317997
  -10.308312  -11.656758   -6.685122   -9.663528  -11.322464
   10.747657    8.010107   11.069618   11.130821   10.189544
   10.510503  -10.740970   10.561448  -10.103944   11.331397
   10.722046   10.988838    8.997295   10.158801    9.816766
    9.344302  -10.230028   10.993213  -11.071769   11.621736
   -9.407763    9.592325  -11.057687    7.086936  -10.030220
   -9.404252   11.148810  -10.985199   11.242464  -10.047744
   10.693878    7.471403    7.800959    9.898015   10.806768
   -9.082436  -11.807816   -7.788226  -10.168939   -7.939949
   -9.090928    7.688830  -11.493865   10.828343  -10.209664
   10.474765   10.224126   11.050672    9.471025    9.914401
  -10.329569    8.428377  -10.441889   11.134869   -9.481981
   10.934839   11.214130    9.742773   10.365515   10.967894
  -12.304276   -9.768615  -11.000751   -8.168545   -9.087068
  -11.736237   -9.387392  -10.002667  -10.108811  -10.402399
   10.745278   10.497708   12.650712    9.864787   10.793688
   -7.861408    8.846938   -9.249323   10.187146  -10.693792
   -8.620015   -8.074012   -8.197000  -11.169904  -10.828092
  -10.735283    9.582352  -11.471391    9.567996  -11.197108
  -10.683518    9.720674  -11.717653   10.824517  -10.754133
   11.394871    9.918254   10.248386    9.305995   11.937279
    9.275728    9.220889   10.078987    9.729485    9.983479
   10.313015   -8.475061    9.024631   -9.649604   11.380965
    9.168155  -10.383562   11.372752  -11.438992   10.386085
   -8.902885    9.572345   -9.188213    9.335110   -9.181683
   10.550743    8.132699   10.054553    9.926357    9.481474
   10.582055  -10.084900    9.627715  -10.399870   10.971741
   -9.333805  -10.079073   -8.388016   -8.465092  -11.252053
   -9.831230    8.504919   -8.939437    9.072724   -8.463574
    9.886069  -10.010496   10.485778   -9.683624   10.699749
  -10.494337   11.710527  -10.416590    8.455930  -12.154557
   10.786999   -9.282521   11.950434  -10.223228   11.125262
    9.543926   -9.179020   11.183328   -9.048862   10.433704
    8.342693   -9.040077   10.635408   -8.911795    9.456058
   -9.661442  -10.670000   -9.168309   -8.918922   -9.880010
   -9.618481  -11.649203  -10.945657   -9.662703   -8.661413
   10.146663  -10.014652    9.656148  -12.076774   10.367368
   -9.982382    9.815445  -10.947976    8.665958   -8.850902
    8.991023   -9.459027   10.705522   -9.898410    8.993458
   -8.182853    6.513220  -11.148897   10.304894  -10.506216
   -8.032226   -9.953788  -11.821106  -10.704378   -9.094646
   11.181910   10.562307   10.036548    9.356900    9.703771
  -10.011713   -9.441983   -9.298651  -10.703207  -10.481758
   10.199281   -9.048756    9.007583   -9.021472   10.654752
   -8.118642   -9.872231   -9.017360  -10.415023   -8.477315
   10.500464    9.542209   10.028738   10.180048    8.197252
   -9.635889    9.545031   -9.136167    9.069297  -11.967691
  -10.070281   -8.811138   -9.538495  -10.873215   -9.415895
   10.550480   12.043479    9.236165   12.290501    8.493300
   11.237861  -11.941587   10.067653   -8.878986    8.575607
    9.682499   -9.892144    9.791006  -10.580918   11.443508
  -10.969088   10.656592  -10.508506   11.612113   -8.625395
   -9.785331   -9.952610  -11.129624   -8.070244   -9.947870
   12.144379    9.921439   11.345718    9.925197   10.392869
   10.900755    9.038388   10.034568    9.657948   11.167987
  -10.842794   -9.821861   -9.933711   -9.350587  -10.092435
    9.334903    8.675459    9.424608   11.012830   10.855317
    9.577392   -9.608493    9.653113  -11.440737   10.459768
  -10.360105  -11.478661  -10.160164   -8.851333  -10.455771
    8.971671  -11.084119   11.182014   -8.697014   11.296084
  -11.340321   -9.632305  -10.032695  -10.045668  -12.050304
   -9.438012   -8.138880  -10.389585   -9.403107  -10.137548
  -10.448253    9.146065  -10.448284    9.777816   -9.420870
    9.569555    8.898898   10.446270    8.303778    8.601270
    9.824536  -11.206275    9.436023   -9.992514   10.164499
  -10.307850    8.938036  -10.143222   12.046463  -10.869055
   10.553548   10.203181   11.036479   11.380096    9.300437
   10.534359    8.856742    9.560539   10.745052   11.265738
    8.522924    8.586193    9.838215    8.847680   12.407766
    7.872849   10.880097    9.974893   11.890912    9.379687
   10.503737   -9.522367    7.961979   -8.409898   11.154352
   10.664853   -8.885218    9.928847  -12.165566    8.852632
   10.841870   -8.840404   11.869965  -11.389180    8.511210
  -10.104777    9.114394  -11.179469   11.289553  -11.220016
   10.497241   10.110319   10.788490    9.238513   10.366371
   -8.769565  -10.757673  -10.651109   -9.358380   -9.351876
    9.560151    8.841291   10.522496   10.064367    9.995928
   10.511467  -10.888548    8.572404   -9.203822    8.500784
    9.909573   -9.484291   11.319013  -10.445256    8.969154
  -10.757133   10.629590   -9.325242    9.368457  -10.213533
   -9.719774  -10.059627   -8.256616  -12.196141   -8.603649
  -10.294298  -10.305659   -8.309041   -9.027346   -9.789902
   -9.944610   10.212998  -11.273790   10.048995  -10.322128
  -11.152455   10.485112  -11.807819    8.920166   -8.195143
   10.287356   10.830919    9.842995   10.738535   10.133297
  -10.951928    9.769025  -11.174561   10.021042   -8.537259
    9.133412    7.912147   11.265618    8.651552   11.169549
  -10.797811   -9.898655  -10.014511   -9.581029  -11.522776
  -10.949647  -10.045803   -9.571718  -10.832846  -10.049137
   10.284661   -9.735808   11.104652  -10.529007    9.549783
   -9.568006  -10.600625  -10.680410  -11.537574  -10.978846
   10.101981  -11.413644   11.376689  -10.509930   10.138731
   11.098660   -9.090869   11.598166  -10.468836   10.464048
    8.681263   10.958175   11.110328    9.950768    8.229356
   -9.955289   10.896764   -9.077455    9.393114   -9.858887
    9.287258  -10.855414   11.649649   -9.533679    9.557121
   -9.713658  -10.771146   -9.688789  -11.677314  -10.274133
   11.254886  -10.870454    9.328645   -8.798273   11.360389
    8.193846   -9.685978    8.682162   -9.917414   10.873089
   10.833925  -12.990731    9.602589   -8.862045    8.563427
   10.921957   -9.892944    9.670755   -8.861958   10.076277
   -9.819850   10.752623   -9.451174   11.100728   -9.260094
  -11.325010   -8.535783   -9.817660   -9.441046   -8.355425
   10.129035   10.162531   10.106496    9.820694    9.442765
   -9.858646   10.430539   -9.587922   11.586707   -8.910635
    9.358732   10.527862    9.647706    8.757112   10.071667
   11.360648  -11.875221    8.687732  -11.801579    9.713905
    9.847038   11.298860   10.612905   10.257754    9.992866
  -10.493476   -9.307714  -10.319975   -8.842533   -8.185566
   -9.718788   -9.602728  -10.249129   -9.890947   -9.743291
   -9.425170  -10.218844   -8.987984   -9.545161   -9.795214
  -10.269024    9.591587  -10.077369   10.542623  -11.912943
    8.919198    8.230419   10.735613    9.873960   10.409674
   -9.639223    9.142239  -10.586617   11.732811   -9.361216
    9.141912   10.479553   10.755346    9.245986   11.249984
   10.392164   10.050116    8.633809    9.265983   10.586854
   -9.791865    9.229672  -10.216195    7.658785  -10.132898
   10.509068  -11.829303    8.896936   -8.695467    9.298920
   -9.506003   -9.604995   -7.280167  -10.278462  -11.653561
  -10.818518   -9.512728   -9.124692  -10.256641   -9.434191
    8.954202    7.665394   11.175464   10.663861    9.301217
    8.846349   11.356700   10.075287    9.785426    9.483528
  -11.014088  -10.417574   -9.137687  -10.736681  -10.053815
    9.124197  -10.448938    8.391532   -9.391392   10.963145
   10.813101   11.098555   10.317512    8.520051    6.650975
   -9.157187   -8.656387   -9.868390   -8.947016  -11.023569
    9.166745   -8.455340    8.747390   -9.972629    9.041380
    9.660978    8.936435   10.601401   10.081118    9.139467
   10.139136   -8.362972    9.100811  -10.607525   10.261235
   10.949017    9.241340   11.051419   10.719957   10.037055
   -9.769293   12.633351   -9.034135   10.238881   -9.213350
   11.304339   10.695631    8.484277   10.844209    9.870512
   10.072711  -10.162697    9.234944   -9.364963    9.142249
   -9.888162    9.651418  -10.403039   10.407937  -10.920624
    9.100887   -9.373982    9.520147   -9.535873   10.924912
   -9.531174   11.279571  -10.350611   11.868077   -7.955834
    9.587916   10.924174    9.393097    9.656024   10.365574
  -11.448917  -10.227330  -10.231166   -8.107327  -10.318437
   -9.907237    8.867056   -9.119685   10.954256  -10.357074
  -10.616270    9.268752  -10.031887    9.365812   -9.876497
   11.349203    7.456970   10.606330   11.183794    8.141638
    9.007551  -10.981759   10.047729  -10.287997    9.613240
   10.599563   -9.617036    9.694155  -10.151118   10.176316
    9.325268    8.473425    8.648558   10.824728   10.319479
    9.592602   -9.275159   10.288705  -10.775582   10.280310
    9.270971   -8.319255   10.114551   -9.998953   10.409279
    9.742210    9.560087   11.559428   10.997277    9.970145
   -8.356771  -10.869395   -9.996609   -9.652987  -10.706121
   -8.060658  -10.229385  -10.314878   -8.947572  -10.015294
    8.853841   10.848256   10.043118   10.700522   10.059228
   10.968786   -9.089606   10.230963   -9.896612   10.880513
   -9.305235  -11.199463   -8.095854   -9.610407  -10.290228
  -11.405338  -10.141663   -9.642893   -9.185095   -9.128604
    9.942579   -9.709964   10.721876  -10.941099   10.913368
    9.687882  -10.233976    8.728674  -10.915719   10.383220
   10.008179  -10.890090    8.407734  -12.406763    9.645305
    7.917529   -9.797114    8.517708   -8.312570    9.152761
   11.418567   -8.889823   10.309949   -9.661777    8.366798
  -10.651565  -10.161524   -9.839957   -8.660157  -10.586667
   10.590288   11.085050    9.772134   10.099513    9.801193
  -10.854363   10.090837   -9.200417   10.136657  -10.959335
  -11.170727    8.537922   -9.549013   12.679787  -10.450383
   -9.217849  -12.207808  -12.133032   -9.101901  -10.923805
   -8.452870   10.174176   -8.530247    9.298847   -9.466964
  -10.233092  -11.723953   -8.685067  -11.540172  -10.038264
   10.074889    9.324165   11.447266    9.621512    8.442833
   11.370594   11.716434    8.023010    9.215559   10.787539
    9.872031    9.182790    9.453464   11.500192   10.021810
  -11.129116  -11.212595  -10.789083  -10.299008  -11.239563
    8.897210   11.012738    9.707974    9.267251    9.422327
   -8.844817   10.758257   -9.293653    9.860119  -10.263910
  -10.943469  -10.434990   -9.094827   -9.139361  -11.553486
   -9.772146   -8.256151  -10.563738   -8.619489  -11.140199
   10.077392    9.640764   11.663124    9.799995   10.973373
   11.088045    8.416745   11.078360   10.970532    9.300598
   10.406188  -11.433274   10.778476  -11.058259    9.968802
   10.358907   -8.520782   10.488267   -9.885858    8.320326
   10.141232   10.190597   10.779573   10.803317   10.609208
   -9.390787   -9.177283  -10.685273   -9.975400  -11.814016
   10.791111   -7.767934   11.337531   -8.034946   10.027798
  -12.029729    9.787944   -9.162585   10.359915   -8.510447
   -9.822827   11.374247   -9.289147   10.275734  -10.910289
    9.173040  -10.071775   10.138891   -9.193161    7.857934
   10.323926    9.836477    8.325141   11.375530    9.892605
   -8.745306  -10.283207  -10.034294   -8.167564   -9.358314
  -10.762111   -8.907195   -9.757804   -9.484090   -9.117520
   -7.272636   11.104234  -10.162394    8.482390  -11.213200
   11.140151    9.155902    9.983921   11.572304    9.754652
  -10.282708    8.673864  -11.143764    9.171726   -9.910223
   -9.332970   -9.116968   -8.892060  -11.670360  -11.446751
   -9.739843   -9.933069   -9.645453  -10.323785   -8.873720
  -10.198102    9.484086  -10.277161   11.616076   -8.834840
   -8.485389   10.639867  -10.763550    8.481699  -10.300611
   -9.759518   -9.740203  -10.253212  -11.392305  -10.115934
  -10.037531  -11.240201  -10.248592  -11.205917  -10.376400
   10.477952   10.346965    9.110814    9.262609   11.541024
   -9.403210    9.556494  -10.493605   10.989696  -10.817924
  -10.175227   11.910112  -10.324345   11.286581   -9.806798
   -9.744633   10.672017  -11.026286    9.898967   -8.568282
  -11.018779   10.235298  -10.091647    9.695540   -8.826635
    9.857135  -11.138125    9.373035   -9.410689   10.755481
   10.421490  -11.198891    9.320866   -9.518342    8.980429
  -10.477998  -10.678241  -10.067316  -10.485365  -11.488638
   10.501665    9.288061    8.580474   10.915840   11.786759
    8.333680  -11.238157   11.589263   -8.106801    9.062003
    9.146378    9.752606    8.932856   10.958781    8.372163
   10.552647   10.276435    7.811241    9.060879   10.317619
  -10.676974  -10.111146   -9.093433   -8.726382  -10.053455
   -9.307454   -9.472949  -10.537652   -9.329394  -10.020845
  -11.309602   -9.239259  -11.012800   -9.816457  -10.278308
   -9.476912  -10.376398  -11.689848   -9.529826   -9.668361
  -10.057156  -10.394846   -8.183917   -8.913976   -9.902327
   -9.439997  -10.997102  -10.037428   -9.590325  -11.561956
  -10.350714   -8.125590  -11.204929  -10.621782  -10.733368
   10.766096  -10.223313   10.501786  -10.842264   10.828078
   -9.774022    9.349404   -9.665242   10.760926  -10.198962
   10.640734   -9.640095    9.618127  -10.110657    9.351093
  -10.880379    9.323032   -8.255781   10.970613  -10.318636
   11.311433   10.347469    8.406982   11.157018    9.606031
  -10.042820  -10.360631  -10.590134  -11.299377   -7.350863
    8.553073    9.943472   10.762342   10.222090   11.117469
  -10.322202    9.407234  -10.425415   10.398084   -9.596305
   -9.165616   10.759046   -9.072317    9.751139  -10.989542
   10.964638    9.688456    9.019707   10.254920    9.929428
   11.806982    8.990955   10.187465   11.809338   10.791969
  -11.176317   10.524881   -9.542627    9.599596   -9.915495
  -10.178189    9.835084   -9.333167    9.990642   -9.049770
  -11.514232    9.656964   -8.701322   10.680346   -8.047367
    8.869422   10.451611    9.778011   10.003539    9.435976
  -11.950258   10.889576  -10.456129   10.256480   -9.412371
   -9.533040   -8.835321   -9.791762   -8.569559  -10.142410
   -9.893745    9.026798  -10.659851    9.221521   -8.987740
    8.594372  -10.779146    8.978328  -10.232454   10.717449
    9.286657   -9.797759   11.525284   -9.296202    9.522244
  -11.802675   11.655077   -9.648787    8.193896   -8.613721
    8.629051    8.614834    9.214830    9.668588    8.265336
  -10.079464    9.539971   -8.915093   11.769197   -9.997773
  -10.081888   -7.672429  -10.790378   -8.504765  -11.717245
    9.316281  -11.262920   10.636442   -8.686474   11.368734
   -9.156414    9.248209   -9.590228   10.762902  -10.953563
  -10.958930   10.173689   -9.004207    9.403105   -9.441459
    9.735859    9.969597    9.707384    7.875265    9.781102
    9.621101  -10.331254    8.796959  -11.026441   11.823002
   -8.406886   -9.820202  -10.225028  -10.511003   -8.967424
   -9.723036   -9.555630  -10.419951  -10.246163  -10.056764
   12.502805    8.085578    8.861712   10.444080    9.960284
    8.981602  -11.396018    9.947946  -10.254999   11.224435
  -11.126739   10.313169   -8.305937   10.324107   -7.332939
   -9.450120   -9.606692   -9.863813  -10.942166  -10.601749
    9.833721   10.636906   11.066344   10.336596   11.605425
   -8.954448    9.689269  -11.650141    9.499869   -9.043634
   10.542196   -9.955075    8.884843  -10.722952    8.874315
    9.697154   -9.829196   11.438216   -9.904167   10.697727
  -12.150566    9.674919   -9.393260    8.524836   -9.947311
    9.623594  -10.266423   12.760217   -9.458238   10.919232
  -10.703640    9.900273  -10.801335   10.918255  -10.913809
    9.862809  -11.470485    9.545769   -8.847204   10.450588
   -9.921166   -8.726144   -9.015991  -10.926979   -9.936182
   10.115780    8.077127    8.012255    9.840182    9.945139
   10.230760    9.984833   11.442543   10.114332    8.820698
   10.173199  -10.232588    9.872823   -8.502897    9.794492
